Run Test
Allocated memory
CHECKING DATA AFTER calc_inner 0
LEVEL 0

F_lambda #0: 
-1.000000  -0.000000  -0.000000  -0.000000  -0.000000  -0.000000  
-0.000000  -1.000000  -0.000000  -0.000000  -0.000000  -0.000000  
-0.000000  -0.000000  -1.000000  -0.000000  -0.000000  -0.000000  
-0.100000  -0.000000  -0.000000  -1.000000  -0.000000  -0.000000  
-0.000000  -0.100000  -0.000000  -0.000000  -1.000000  -0.000000  
-0.000000  -0.000000  -0.100000  -0.000000  -0.000000  -1.000000  

F_state #0: 
0.000000  0.000000  0.000000  0.000000  0.000000  0.000000  
0.000000  0.000000  0.000000  0.000000  0.000000  0.000000  
0.000000  0.000000  0.000000  0.000000  0.000000  0.000000  
0.000000  0.000000  0.000000  0.000000  0.000000  0.000000  
0.000000  0.000000  0.000000  0.000000  0.000000  0.000000  
0.000000  0.000000  0.000000  0.000000  0.000000  0.000000  

F_input #0: 
0.500000  0.000000  0.000000  10.000000  0.000000  0.000000  
0.000000  0.500000  0.000000  0.000000  10.000000  0.000000  
0.000000  0.000000  0.500000  0.000000  0.000000  10.000000  

F_lambda #1: 
1.002500  0.000000  0.000000  0.050000  0.000000  0.000000  
0.000000  1.002500  0.000000  0.000000  0.050000  0.000000  
0.000000  0.000000  1.002500  0.000000  0.000000  0.050000  
0.050000  0.000000  0.000000  2.000000  0.000000  0.000000  
0.000000  0.050000  0.000000  0.000000  2.000000  0.000000  
0.000000  0.000000  0.050000  0.000000  0.000000  2.000000  

F_state #1: 
-1.000000  0.000000  0.000000  0.000000  0.000000  0.000000  
0.000000  -1.000000  0.000000  0.000000  0.000000  0.000000  
0.000000  0.000000  -1.000000  0.000000  0.000000  0.000000  
0.000000  0.000000  0.000000  -1.000000  0.000000  0.000000  
0.000000  0.000000  0.000000  0.000000  -1.000000  0.000000  
0.000000  0.000000  0.000000  0.000000  0.000000  -1.000000  

F_input #1: 
0.000000  0.000000  0.000000  0.000000  0.000000  0.000000  
0.000000  0.000000  0.000000  0.000000  0.000000  0.000000  
0.000000  0.000000  0.000000  0.000000  0.000000  0.000000  

F_lambda #2: 
0.000000  0.000000  0.000000  0.000000  0.000000  0.000000  
0.000000  0.000000  0.000000  0.000000  0.000000  0.000000  
0.000000  0.000000  0.000000  0.000000  0.000000  0.000000  
0.000000  0.000000  0.000000  0.000000  0.000000  0.000000  
0.000000  0.000000  0.000000  0.000000  0.000000  0.000000  
0.000000  0.000000  0.000000  0.000000  0.000000  0.000000  

F_state #2: 
1.000000  0.000000  0.000000  0.000000  0.000000  0.000000  
0.000000  1.000000  0.000000  0.000000  0.000000  0.000000  
0.000000  0.000000  1.000000  0.000000  0.000000  0.000000  
0.100000  0.000000  0.000000  1.000000  0.000000  0.000000  
0.000000  0.100000  0.000000  0.000000  1.000000  0.000000  
0.000000  0.000000  0.100000  0.000000  0.000000  1.000000  

F_input #2: 
0.500000  0.000000  0.000000  10.000000  0.000000  0.000000  
0.000000  0.500000  0.000000  0.000000  10.000000  0.000000  
0.000000  0.000000  0.500000  0.000000  0.000000  10.000000  

F_lambda #3: 
2.012500  0.000000  0.000000  0.150000  0.000000  0.000000  
0.000000  2.012500  0.000000  0.000000  0.150000  0.000000  
0.000000  0.000000  2.012500  0.000000  0.000000  0.150000  
0.150000  0.000000  0.000000  3.000000  0.000000  0.000000  
0.000000  0.150000  0.000000  0.000000  3.000000  0.000000  
0.000000  0.000000  0.150000  0.000000  0.000000  3.000000  

F_state #3: 
-1.000000  0.000000  0.000000  0.000000  0.000000  0.000000  
0.000000  -1.000000  0.000000  0.000000  0.000000  0.000000  
0.000000  0.000000  -1.000000  0.000000  0.000000  0.000000  
0.000000  0.000000  0.000000  -1.000000  0.000000  0.000000  
0.000000  0.000000  0.000000  0.000000  -1.000000  0.000000  
0.000000  0.000000  0.000000  0.000000  0.000000  -1.000000  

F_input #3: 
0.000000  0.000000  0.000000  0.000000  0.000000  0.000000  
0.000000  0.000000  0.000000  0.000000  0.000000  0.000000  
0.000000  0.000000  0.000000  0.000000  0.000000  0.000000  

F_lambda #4: 
0.000000  0.000000  0.000000  0.000000  0.000000  0.000000  
0.000000  0.000000  0.000000  0.000000  0.000000  0.000000  
0.000000  0.000000  0.000000  0.000000  0.000000  0.000000  
0.000000  0.000000  0.000000  0.000000  0.000000  0.000000  
0.000000  0.000000  0.000000  0.000000  0.000000  0.000000  
0.000000  0.000000  0.000000  0.000000  0.000000  0.000000  

F_state #4: 
1.000000  0.000000  0.000000  0.000000  0.000000  0.000000  
0.000000  1.000000  0.000000  0.000000  0.000000  0.000000  
0.000000  0.000000  1.000000  0.000000  0.000000  0.000000  
0.100000  0.000000  0.000000  1.000000  0.000000  0.000000  
0.000000  0.100000  0.000000  0.000000  1.000000  0.000000  
0.000000  0.000000  0.100000  0.000000  0.000000  1.000000  

F_input #4: 
0.500000  0.000000  0.000000  10.000000  0.000000  0.000000  
0.000000  0.500000  0.000000  0.000000  10.000000  0.000000  
0.000000  0.000000  0.500000  0.000000  0.000000  10.000000  

F_lambda #5: 
2.012500  0.000000  0.000000  0.150000  0.000000  0.000000  
0.000000  2.012500  0.000000  0.000000  0.150000  0.000000  
0.000000  0.000000  2.012500  0.000000  0.000000  0.150000  
0.150000  0.000000  0.000000  3.000000  0.000000  0.000000  
0.000000  0.150000  0.000000  0.000000  3.000000  0.000000  
0.000000  0.000000  0.150000  0.000000  0.000000  3.000000  

F_state #5: 
-1.000000  0.000000  0.000000  0.000000  0.000000  0.000000  
0.000000  -1.000000  0.000000  0.000000  0.000000  0.000000  
0.000000  0.000000  -1.000000  0.000000  0.000000  0.000000  
0.000000  0.000000  0.000000  -1.000000  0.000000  0.000000  
0.000000  0.000000  0.000000  0.000000  -1.000000  0.000000  
0.000000  0.000000  0.000000  0.000000  0.000000  -1.000000  

F_input #5: 
0.000000  0.000000  0.000000  0.000000  0.000000  0.000000  
0.000000  0.000000  0.000000  0.000000  0.000000  0.000000  
0.000000  0.000000  0.000000  0.000000  0.000000  0.000000  

F_lambda #6: 
0.000000  0.000000  0.000000  0.000000  0.000000  0.000000  
0.000000  0.000000  0.000000  0.000000  0.000000  0.000000  
0.000000  0.000000  0.000000  0.000000  0.000000  0.000000  
0.000000  0.000000  0.000000  0.000000  0.000000  0.000000  
0.000000  0.000000  0.000000  0.000000  0.000000  0.000000  
0.000000  0.000000  0.000000  0.000000  0.000000  0.000000  

F_state #6: 
1.000000  0.000000  0.000000  0.000000  0.000000  0.000000  
0.000000  1.000000  0.000000  0.000000  0.000000  0.000000  
0.000000  0.000000  1.000000  0.000000  0.000000  0.000000  
0.100000  0.000000  0.000000  1.000000  0.000000  0.000000  
0.000000  0.100000  0.000000  0.000000  1.000000  0.000000  
0.000000  0.000000  0.100000  0.000000  0.000000  1.000000  

F_input #6: 
0.500000  0.000000  0.000000  10.000000  0.000000  0.000000  
0.000000  0.500000  0.000000  0.000000  10.000000  0.000000  
0.000000  0.000000  0.500000  0.000000  0.000000  10.000000  

F_lambda #7: 
1.112500  0.000000  0.000000  0.150000  0.000000  0.000000  
0.000000  1.112500  0.000000  0.000000  0.150000  0.000000  
0.000000  0.000000  1.112500  0.000000  0.000000  0.150000  
0.150000  0.000000  0.000000  2.100000  0.000000  0.000000  
0.000000  0.150000  0.000000  0.000000  2.100000  0.000000  
0.000000  0.000000  0.150000  0.000000  0.000000  2.100000  

F_state #7: 
-0.100000  0.000000  0.000000  0.000000  0.000000  0.000000  
0.000000  -0.100000  0.000000  0.000000  0.000000  0.000000  
0.000000  0.000000  -0.100000  0.000000  0.000000  0.000000  
0.000000  0.000000  0.000000  -0.100000  0.000000  0.000000  
0.000000  0.000000  0.000000  0.000000  -0.100000  0.000000  
0.000000  0.000000  0.000000  0.000000  0.000000  -0.100000  

F_input #7: 
0.000000  0.000000  0.000000  0.000000  0.000000  0.000000  
0.000000  0.000000  0.000000  0.000000  0.000000  0.000000  
0.000000  0.000000  0.000000  0.000000  0.000000  0.000000  

LEVEL 1

F_lambda #8: 
0.000000  0.000000  0.000000  0.000000  0.000000  0.000000  
0.000000  0.000000  0.000000  0.000000  0.000000  0.000000  
0.000000  0.000000  0.000000  0.000000  0.000000  0.000000  
0.000000  0.000000  0.000000  0.000000  0.000000  0.000000  
0.000000  0.000000  0.000000  0.000000  0.000000  0.000000  
0.000000  0.000000  0.000000  0.000000  0.000000  0.000000  

F_state #8: 
0.000000  0.000000  0.000000  0.000000  0.000000  0.000000  
0.000000  0.000000  0.000000  0.000000  0.000000  0.000000  
0.000000  0.000000  0.000000  0.000000  0.000000  0.000000  
0.000000  0.000000  0.000000  0.000000  0.000000  0.000000  
0.000000  0.000000  0.000000  0.000000  0.000000  0.000000  
0.000000  0.000000  0.000000  0.000000  0.000000  0.000000  

F_input #8: 
0.000000  0.000000  0.000000  0.000000  0.000000  0.000000  
0.000000  0.000000  0.000000  0.000000  0.000000  0.000000  
0.000000  0.000000  0.000000  0.000000  0.000000  0.000000  

F_lambda #9: 
-1.000000  0.000000  0.000000  0.000000  0.000000  0.000000  
0.000000  -1.000000  0.000000  0.000000  0.000000  0.000000  
0.000000  0.000000  -1.000000  0.000000  0.000000  0.000000  
-0.100000  0.000000  0.000000  -1.000000  0.000000  0.000000  
0.000000  -0.100000  0.000000  0.000000  -1.000000  0.000000  
0.000000  0.000000  -0.100000  0.000000  0.000000  -1.000000  

F_state #9: 
1.000000  0.000000  0.000000  0.000000  0.000000  0.000000  
0.000000  1.000000  0.000000  0.000000  0.000000  0.000000  
0.000000  0.000000  1.000000  0.000000  0.000000  0.000000  
0.100000  0.000000  0.000000  1.000000  0.000000  0.000000  
0.000000  0.100000  0.000000  0.000000  1.000000  0.000000  
0.000000  0.000000  0.100000  0.000000  0.000000  1.000000  

F_input #9: 
0.500000  0.000000  0.000000  10.000000  0.000000  0.000000  
0.000000  0.500000  0.000000  0.000000  10.000000  0.000000  
0.000000  0.000000  0.500000  0.000000  0.000000  10.000000  

F_lambda #10: 
0.000000  0.000000  0.000000  0.000000  0.000000  0.000000  
0.000000  0.000000  0.000000  0.000000  0.000000  0.000000  
0.000000  0.000000  0.000000  0.000000  0.000000  0.000000  
0.000000  0.000000  0.000000  0.000000  0.000000  0.000000  
0.000000  0.000000  0.000000  0.000000  0.000000  0.000000  
0.000000  0.000000  0.000000  0.000000  0.000000  0.000000  

F_state #10: 
-1.000000  0.000000  0.000000  0.000000  0.000000  0.000000  
0.000000  -1.000000  0.000000  0.000000  0.000000  0.000000  
0.000000  0.000000  -1.000000  0.000000  0.000000  0.000000  
0.000000  0.000000  0.000000  -1.000000  0.000000  0.000000  
0.000000  0.000000  0.000000  0.000000  -1.000000  0.000000  
0.000000  0.000000  0.000000  0.000000  0.000000  -1.000000  

F_input #10: 
0.000000  0.000000  0.000000  0.000000  0.000000  0.000000  
0.000000  0.000000  0.000000  0.000000  0.000000  0.000000  
0.000000  0.000000  0.000000  0.000000  0.000000  0.000000  

F_lambda #11: 
-1.000000  0.000000  0.000000  -0.100000  0.000000  0.000000  
0.000000  -1.000000  0.000000  0.000000  -0.100000  0.000000  
0.000000  0.000000  -1.000000  0.000000  0.000000  -0.100000  
0.000000  0.000000  0.000000  -1.000000  0.000000  0.000000  
0.000000  0.000000  0.000000  0.000000  -1.000000  0.000000  
0.000000  0.000000  0.000000  0.000000  0.000000  -1.000000  

F_state #11: 
0.000000  0.000000  0.000000  0.000000  0.000000  0.000000  
0.000000  0.000000  0.000000  0.000000  0.000000  0.000000  
0.000000  0.000000  0.000000  0.000000  0.000000  0.000000  
0.000000  0.000000  0.000000  0.000000  0.000000  0.000000  
0.000000  0.000000  0.000000  0.000000  0.000000  0.000000  
0.000000  0.000000  0.000000  0.000000  0.000000  0.000000  

F_input #11: 
0.000000  0.000000  0.000000  0.000000  0.000000  0.000000  
0.000000  0.000000  0.000000  0.000000  0.000000  0.000000  
0.000000  0.000000  0.000000  0.000000  0.000000  0.000000  

F_lambda #12: 
0.000000  0.000000  0.000000  0.000000  0.000000  0.000000  
0.000000  0.000000  0.000000  0.000000  0.000000  0.000000  
0.000000  0.000000  0.000000  0.000000  0.000000  0.000000  
0.000000  0.000000  0.000000  0.000000  0.000000  0.000000  
0.000000  0.000000  0.000000  0.000000  0.000000  0.000000  
0.000000  0.000000  0.000000  0.000000  0.000000  0.000000  

F_state #12: 
0.000000  0.000000  0.000000  0.000000  0.000000  0.000000  
0.000000  0.000000  0.000000  0.000000  0.000000  0.000000  
0.000000  0.000000  0.000000  0.000000  0.000000  0.000000  
0.000000  0.000000  0.000000  0.000000  0.000000  0.000000  
0.000000  0.000000  0.000000  0.000000  0.000000  0.000000  
0.000000  0.000000  0.000000  0.000000  0.000000  0.000000  

F_input #12: 
0.000000  0.000000  0.000000  0.000000  0.000000  0.000000  
0.000000  0.000000  0.000000  0.000000  0.000000  0.000000  
0.000000  0.000000  0.000000  0.000000  0.000000  0.000000  

F_lambda #13: 
-1.000000  0.000000  0.000000  0.000000  0.000000  0.000000  
0.000000  -1.000000  0.000000  0.000000  0.000000  0.000000  
0.000000  0.000000  -1.000000  0.000000  0.000000  0.000000  
-0.100000  0.000000  0.000000  -1.000000  0.000000  0.000000  
0.000000  -0.100000  0.000000  0.000000  -1.000000  0.000000  
0.000000  0.000000  -0.100000  0.000000  0.000000  -1.000000  

F_state #13: 
1.000000  0.000000  0.000000  0.000000  0.000000  0.000000  
0.000000  1.000000  0.000000  0.000000  0.000000  0.000000  
0.000000  0.000000  1.000000  0.000000  0.000000  0.000000  
0.100000  0.000000  0.000000  1.000000  0.000000  0.000000  
0.000000  0.100000  0.000000  0.000000  1.000000  0.000000  
0.000000  0.000000  0.100000  0.000000  0.000000  1.000000  

F_input #13: 
0.500000  0.000000  0.000000  10.000000  0.000000  0.000000  
0.000000  0.500000  0.000000  0.000000  10.000000  0.000000  
0.000000  0.000000  0.500000  0.000000  0.000000  10.000000  

F_lambda #14: 
0.000000  0.000000  0.000000  0.000000  0.000000  0.000000  
0.000000  0.000000  0.000000  0.000000  0.000000  0.000000  
0.000000  0.000000  0.000000  0.000000  0.000000  0.000000  
0.000000  0.000000  0.000000  0.000000  0.000000  0.000000  
0.000000  0.000000  0.000000  0.000000  0.000000  0.000000  
0.000000  0.000000  0.000000  0.000000  0.000000  0.000000  

F_state #14: 
-1.000000  0.000000  0.000000  0.000000  0.000000  0.000000  
0.000000  -1.000000  0.000000  0.000000  0.000000  0.000000  
0.000000  0.000000  -1.000000  0.000000  0.000000  0.000000  
0.000000  0.000000  0.000000  -1.000000  0.000000  0.000000  
0.000000  0.000000  0.000000  0.000000  -1.000000  0.000000  
0.000000  0.000000  0.000000  0.000000  0.000000  -1.000000  

F_input #14: 
0.000000  0.000000  0.000000  0.000000  0.000000  0.000000  
0.000000  0.000000  0.000000  0.000000  0.000000  0.000000  
0.000000  0.000000  0.000000  0.000000  0.000000  0.000000  

F_lambda #15: 
-1.000000  0.000000  0.000000  -0.100000  0.000000  0.000000  
0.000000  -1.000000  0.000000  0.000000  -0.100000  0.000000  
0.000000  0.000000  -1.000000  0.000000  0.000000  -0.100000  
0.000000  0.000000  0.000000  -1.000000  0.000000  0.000000  
0.000000  0.000000  0.000000  0.000000  -1.000000  0.000000  
0.000000  0.000000  0.000000  0.000000  0.000000  -1.000000  

F_state #15: 
0.000000  0.000000  0.000000  0.000000  0.000000  0.000000  
0.000000  0.000000  0.000000  0.000000  0.000000  0.000000  
0.000000  0.000000  0.000000  0.000000  0.000000  0.000000  
0.000000  0.000000  0.000000  0.000000  0.000000  0.000000  
0.000000  0.000000  0.000000  0.000000  0.000000  0.000000  
0.000000  0.000000  0.000000  0.000000  0.000000  0.000000  

F_input #15: 
0.000000  0.000000  0.000000  0.000000  0.000000  0.000000  
0.000000  0.000000  0.000000  0.000000  0.000000  0.000000  
0.000000  0.000000  0.000000  0.000000  0.000000  0.000000  

LEVEL 2

F_lambda #16: 
0.000000  0.000000  0.000000  0.000000  0.000000  0.000000  
0.000000  0.000000  0.000000  0.000000  0.000000  0.000000  
0.000000  0.000000  0.000000  0.000000  0.000000  0.000000  
0.000000  0.000000  0.000000  0.000000  0.000000  0.000000  
0.000000  0.000000  0.000000  0.000000  0.000000  0.000000  
0.000000  0.000000  0.000000  0.000000  0.000000  0.000000  

F_state #16: 
0.000000  0.000000  0.000000  0.000000  0.000000  0.000000  
0.000000  0.000000  0.000000  0.000000  0.000000  0.000000  
0.000000  0.000000  0.000000  0.000000  0.000000  0.000000  
0.000000  0.000000  0.000000  0.000000  0.000000  0.000000  
0.000000  0.000000  0.000000  0.000000  0.000000  0.000000  
0.000000  0.000000  0.000000  0.000000  0.000000  0.000000  

F_input #16: 
0.000000  0.000000  0.000000  0.000000  0.000000  0.000000  
0.000000  0.000000  0.000000  0.000000  0.000000  0.000000  
0.000000  0.000000  0.000000  0.000000  0.000000  0.000000  

F_lambda #17: 
0.000000  0.000000  0.000000  0.000000  0.000000  0.000000  
0.000000  0.000000  0.000000  0.000000  0.000000  0.000000  
0.000000  0.000000  0.000000  0.000000  0.000000  0.000000  
0.000000  0.000000  0.000000  0.000000  0.000000  0.000000  
0.000000  0.000000  0.000000  0.000000  0.000000  0.000000  
0.000000  0.000000  0.000000  0.000000  0.000000  0.000000  

F_state #17: 
0.000000  0.000000  0.000000  0.000000  0.000000  0.000000  
0.000000  0.000000  0.000000  0.000000  0.000000  0.000000  
0.000000  0.000000  0.000000  0.000000  0.000000  0.000000  
0.000000  0.000000  0.000000  0.000000  0.000000  0.000000  
0.000000  0.000000  0.000000  0.000000  0.000000  0.000000  
0.000000  0.000000  0.000000  0.000000  0.000000  0.000000  

F_input #17: 
0.000000  0.000000  0.000000  0.000000  0.000000  0.000000  
0.000000  0.000000  0.000000  0.000000  0.000000  0.000000  
0.000000  0.000000  0.000000  0.000000  0.000000  0.000000  

F_lambda #18: 
0.000000  0.000000  0.000000  0.000000  0.000000  0.000000  
0.000000  0.000000  0.000000  0.000000  0.000000  0.000000  
0.000000  0.000000  0.000000  0.000000  0.000000  0.000000  
0.000000  0.000000  0.000000  0.000000  0.000000  0.000000  
0.000000  0.000000  0.000000  0.000000  0.000000  0.000000  
0.000000  0.000000  0.000000  0.000000  0.000000  0.000000  

F_state #18: 
0.000000  0.000000  0.000000  0.000000  0.000000  0.000000  
0.000000  0.000000  0.000000  0.000000  0.000000  0.000000  
0.000000  0.000000  0.000000  0.000000  0.000000  0.000000  
0.000000  0.000000  0.000000  0.000000  0.000000  0.000000  
0.000000  0.000000  0.000000  0.000000  0.000000  0.000000  
0.000000  0.000000  0.000000  0.000000  0.000000  0.000000  

F_input #18: 
0.000000  0.000000  0.000000  0.000000  0.000000  0.000000  
0.000000  0.000000  0.000000  0.000000  0.000000  0.000000  
0.000000  0.000000  0.000000  0.000000  0.000000  0.000000  

F_lambda #19: 
-1.000000  0.000000  0.000000  0.000000  0.000000  0.000000  
0.000000  -1.000000  0.000000  0.000000  0.000000  0.000000  
0.000000  0.000000  -1.000000  0.000000  0.000000  0.000000  
-0.100000  0.000000  0.000000  -1.000000  0.000000  0.000000  
0.000000  -0.100000  0.000000  0.000000  -1.000000  0.000000  
0.000000  0.000000  -0.100000  0.000000  0.000000  -1.000000  

F_state #19: 
1.000000  0.000000  0.000000  0.000000  0.000000  0.000000  
0.000000  1.000000  0.000000  0.000000  0.000000  0.000000  
0.000000  0.000000  1.000000  0.000000  0.000000  0.000000  
0.100000  0.000000  0.000000  1.000000  0.000000  0.000000  
0.000000  0.100000  0.000000  0.000000  1.000000  0.000000  
0.000000  0.000000  0.100000  0.000000  0.000000  1.000000  

F_input #19: 
0.500000  0.000000  0.000000  10.000000  0.000000  0.000000  
0.000000  0.500000  0.000000  0.000000  10.000000  0.000000  
0.000000  0.000000  0.500000  0.000000  0.000000  10.000000  

F_lambda #20: 
0.000000  0.000000  0.000000  0.000000  0.000000  0.000000  
0.000000  0.000000  0.000000  0.000000  0.000000  0.000000  
0.000000  0.000000  0.000000  0.000000  0.000000  0.000000  
0.000000  0.000000  0.000000  0.000000  0.000000  0.000000  
0.000000  0.000000  0.000000  0.000000  0.000000  0.000000  
0.000000  0.000000  0.000000  0.000000  0.000000  0.000000  

F_state #20: 
-1.000000  0.000000  0.000000  0.000000  0.000000  0.000000  
0.000000  -1.000000  0.000000  0.000000  0.000000  0.000000  
0.000000  0.000000  -1.000000  0.000000  0.000000  0.000000  
0.000000  0.000000  0.000000  -1.000000  0.000000  0.000000  
0.000000  0.000000  0.000000  0.000000  -1.000000  0.000000  
0.000000  0.000000  0.000000  0.000000  0.000000  -1.000000  

F_input #20: 
0.000000  0.000000  0.000000  0.000000  0.000000  0.000000  
0.000000  0.000000  0.000000  0.000000  0.000000  0.000000  
0.000000  0.000000  0.000000  0.000000  0.000000  0.000000  

F_lambda #21: 
-1.000000  0.000000  0.000000  -0.100000  0.000000  0.000000  
0.000000  -1.000000  0.000000  0.000000  -0.100000  0.000000  
0.000000  0.000000  -1.000000  0.000000  0.000000  -0.100000  
0.000000  0.000000  0.000000  -1.000000  0.000000  0.000000  
0.000000  0.000000  0.000000  0.000000  -1.000000  0.000000  
0.000000  0.000000  0.000000  0.000000  0.000000  -1.000000  

F_state #21: 
0.000000  0.000000  0.000000  0.000000  0.000000  0.000000  
0.000000  0.000000  0.000000  0.000000  0.000000  0.000000  
0.000000  0.000000  0.000000  0.000000  0.000000  0.000000  
0.000000  0.000000  0.000000  0.000000  0.000000  0.000000  
0.000000  0.000000  0.000000  0.000000  0.000000  0.000000  
0.000000  0.000000  0.000000  0.000000  0.000000  0.000000  

F_input #21: 
0.000000  0.000000  0.000000  0.000000  0.000000  0.000000  
0.000000  0.000000  0.000000  0.000000  0.000000  0.000000  
0.000000  0.000000  0.000000  0.000000  0.000000  0.000000  

F_lambda #22: 
0.000000  0.000000  0.000000  0.000000  0.000000  0.000000  
0.000000  0.000000  0.000000  0.000000  0.000000  0.000000  
0.000000  0.000000  0.000000  0.000000  0.000000  0.000000  
0.000000  0.000000  0.000000  0.000000  0.000000  0.000000  
0.000000  0.000000  0.000000  0.000000  0.000000  0.000000  
0.000000  0.000000  0.000000  0.000000  0.000000  0.000000  

F_state #22: 
0.000000  0.000000  0.000000  0.000000  0.000000  0.000000  
0.000000  0.000000  0.000000  0.000000  0.000000  0.000000  
0.000000  0.000000  0.000000  0.000000  0.000000  0.000000  
0.000000  0.000000  0.000000  0.000000  0.000000  0.000000  
0.000000  0.000000  0.000000  0.000000  0.000000  0.000000  
0.000000  0.000000  0.000000  0.000000  0.000000  0.000000  

F_input #22: 
0.000000  0.000000  0.000000  0.000000  0.000000  0.000000  
0.000000  0.000000  0.000000  0.000000  0.000000  0.000000  
0.000000  0.000000  0.000000  0.000000  0.000000  0.000000  

F_lambda #23: 
0.000000  0.000000  0.000000  0.000000  0.000000  0.000000  
0.000000  0.000000  0.000000  0.000000  0.000000  0.000000  
0.000000  0.000000  0.000000  0.000000  0.000000  0.000000  
0.000000  0.000000  0.000000  0.000000  0.000000  0.000000  
0.000000  0.000000  0.000000  0.000000  0.000000  0.000000  
0.000000  0.000000  0.000000  0.000000  0.000000  0.000000  

F_state #23: 
0.000000  0.000000  0.000000  0.000000  0.000000  0.000000  
0.000000  0.000000  0.000000  0.000000  0.000000  0.000000  
0.000000  0.000000  0.000000  0.000000  0.000000  0.000000  
0.000000  0.000000  0.000000  0.000000  0.000000  0.000000  
0.000000  0.000000  0.000000  0.000000  0.000000  0.000000  
0.000000  0.000000  0.000000  0.000000  0.000000  0.000000  

F_input #23: 
0.000000  0.000000  0.000000  0.000000  0.000000  0.000000  
0.000000  0.000000  0.000000  0.000000  0.000000  0.000000  
0.000000  0.000000  0.000000  0.000000  0.000000  0.000000  

d0: 
-1.000000  -2.200000  1.600000  -1.600000  4.200000  -1.000000  

q0: 
1.000000  -1.000000  2.000000  -2.000000  3.000000  -3.000000  

r0: 
100.000000  0.000000  -100.000000  

d1: 
-1.500000  -1.500000  -1.500000  -1.500000  -1.500000  -1.500000  

q1: 
4.000000  2.400000  0.800000  -0.800000  -2.400000  -4.000000  

r1: 
200.000000  0.000000  -200.000000  

d2: 
-3.000000  -3.000000  -3.000000  -3.000000  -3.000000  -3.000000  

q2: 
6.000000  3.600000  1.200000  -1.200000  -3.600000  -6.000000  

r2: 
300.000000  0.000000  -300.000000  

d3: 
-4.500000  -4.500000  -4.500000  -4.500000  -4.500000  -4.500000  

q3: 
8.000000  4.800000  1.600000  -1.600000  -4.800000  -8.000000  

r3: 
400.000000  0.000000  -400.000000  

d4: 
-6.000000  -6.000000  -6.000000  -6.000000  -6.000000  -6.000000  

q4: 
10.000000  6.000000  2.000000  -2.000000  -6.000000  -10.000000  

r4: 
500.000000  0.000000  -500.000000  

d5: 
-7.500000  -7.500000  -7.500000  -7.500000  -7.500000  -7.500000  

q5: 
12.000000  7.200000  2.400000  -2.400000  -7.200000  -12.000000  

r5: 
600.000000  0.000000  -600.000000  

d6: 
-9.000000  -9.000000  -9.000000  -9.000000  -9.000000  -9.000000  

q6: 
14.000000  8.400000  2.800000  -2.800000  -8.400000  -14.000000  

r6: 
700.000000  0.000000  -700.000000  

d7: 
-10.500000  -10.500000  -10.500000  -10.500000  -10.500000  -10.500000  

q7: 
16.000000  9.599999  3.200000  -3.200000  -9.599999  -16.000000  

r7: 
-0.000000  -0.000000  -0.000000  
CHECKING DATA AFTER calc_inner 1
LEVEL 0

F_lambda #0: 
-1.000000  -0.000000  -0.000000  -0.000000  -0.000000  -0.000000  
-0.000000  -1.000000  -0.000000  -0.000000  -0.000000  -0.000000  
-0.000000  -0.000000  -1.000000  -0.000000  -0.000000  -0.000000  
-0.100000  -0.000000  -0.000000  -1.000000  -0.000000  -0.000000  
-0.000000  -0.100000  -0.000000  -0.000000  -1.000000  -0.000000  
-0.000000  -0.000000  -0.100000  -0.000000  -0.000000  -1.000000  

F_state #0: 
0.000000  0.000000  0.000000  0.000000  0.000000  0.000000  
0.000000  0.000000  0.000000  0.000000  0.000000  0.000000  
0.000000  0.000000  0.000000  0.000000  0.000000  0.000000  
0.000000  0.000000  0.000000  0.000000  0.000000  0.000000  
0.000000  0.000000  0.000000  0.000000  0.000000  0.000000  
0.000000  0.000000  0.000000  0.000000  0.000000  0.000000  

F_input #0: 
0.500000  0.000000  0.000000  10.000000  0.000000  0.000000  
0.000000  0.500000  0.000000  0.000000  10.000000  0.000000  
0.000000  0.000000  0.500000  0.000000  0.000000  10.000000  

F_lambda #1: 
1.002500  0.000000  0.000000  0.050000  0.000000  0.000000  
0.000000  1.002500  0.000000  0.000000  0.050000  0.000000  
0.000000  0.000000  1.002500  0.000000  0.000000  0.050000  
0.050000  0.000000  0.000000  2.000000  0.000000  0.000000  
0.000000  0.050000  0.000000  0.000000  2.000000  0.000000  
0.000000  0.000000  0.050000  0.000000  0.000000  2.000000  

F_state #1: 
-1.000000  0.000000  0.000000  0.000000  0.000000  0.000000  
0.000000  -1.000000  0.000000  0.000000  0.000000  0.000000  
0.000000  0.000000  -1.000000  0.000000  0.000000  0.000000  
0.000000  0.000000  0.000000  -1.000000  0.000000  0.000000  
0.000000  0.000000  0.000000  0.000000  -1.000000  0.000000  
0.000000  0.000000  0.000000  0.000000  0.000000  -1.000000  

F_input #1: 
0.000000  0.000000  0.000000  0.000000  0.000000  0.000000  
0.000000  0.000000  0.000000  0.000000  0.000000  0.000000  
0.000000  0.000000  0.000000  0.000000  0.000000  0.000000  

F_lambda #2: 
0.000000  0.000000  0.000000  0.000000  0.000000  0.000000  
0.000000  0.000000  0.000000  0.000000  0.000000  0.000000  
0.000000  0.000000  0.000000  0.000000  0.000000  0.000000  
0.000000  0.000000  0.000000  0.000000  0.000000  0.000000  
0.000000  0.000000  0.000000  0.000000  0.000000  0.000000  
0.000000  0.000000  0.000000  0.000000  0.000000  0.000000  

F_state #2: 
1.000000  0.000000  0.000000  0.000000  0.000000  0.000000  
0.000000  1.000000  0.000000  0.000000  0.000000  0.000000  
0.000000  0.000000  1.000000  0.000000  0.000000  0.000000  
0.100000  0.000000  0.000000  1.000000  0.000000  0.000000  
0.000000  0.100000  0.000000  0.000000  1.000000  0.000000  
0.000000  0.000000  0.100000  0.000000  0.000000  1.000000  

F_input #2: 
0.500000  0.000000  0.000000  10.000000  0.000000  0.000000  
0.000000  0.500000  0.000000  0.000000  10.000000  0.000000  
0.000000  0.000000  0.500000  0.000000  0.000000  10.000000  

F_lambda #3: 
2.012500  0.000000  0.000000  0.150000  0.000000  0.000000  
0.000000  2.012500  0.000000  0.000000  0.150000  0.000000  
0.000000  0.000000  2.012500  0.000000  0.000000  0.150000  
0.150000  0.000000  0.000000  3.000000  0.000000  0.000000  
0.000000  0.150000  0.000000  0.000000  3.000000  0.000000  
0.000000  0.000000  0.150000  0.000000  0.000000  3.000000  

F_state #3: 
-1.000000  0.000000  0.000000  0.000000  0.000000  0.000000  
0.000000  -1.000000  0.000000  0.000000  0.000000  0.000000  
0.000000  0.000000  -1.000000  0.000000  0.000000  0.000000  
0.000000  0.000000  0.000000  -1.000000  0.000000  0.000000  
0.000000  0.000000  0.000000  0.000000  -1.000000  0.000000  
0.000000  0.000000  0.000000  0.000000  0.000000  -1.000000  

F_input #3: 
0.000000  0.000000  0.000000  0.000000  0.000000  0.000000  
0.000000  0.000000  0.000000  0.000000  0.000000  0.000000  
0.000000  0.000000  0.000000  0.000000  0.000000  0.000000  

F_lambda #4: 
0.000000  0.000000  0.000000  0.000000  0.000000  0.000000  
0.000000  0.000000  0.000000  0.000000  0.000000  0.000000  
0.000000  0.000000  0.000000  0.000000  0.000000  0.000000  
0.000000  0.000000  0.000000  0.000000  0.000000  0.000000  
0.000000  0.000000  0.000000  0.000000  0.000000  0.000000  
0.000000  0.000000  0.000000  0.000000  0.000000  0.000000  

F_state #4: 
1.000000  0.000000  0.000000  0.000000  0.000000  0.000000  
0.000000  1.000000  0.000000  0.000000  0.000000  0.000000  
0.000000  0.000000  1.000000  0.000000  0.000000  0.000000  
0.100000  0.000000  0.000000  1.000000  0.000000  0.000000  
0.000000  0.100000  0.000000  0.000000  1.000000  0.000000  
0.000000  0.000000  0.100000  0.000000  0.000000  1.000000  

F_input #4: 
0.500000  0.000000  0.000000  10.000000  0.000000  0.000000  
0.000000  0.500000  0.000000  0.000000  10.000000  0.000000  
0.000000  0.000000  0.500000  0.000000  0.000000  10.000000  

F_lambda #5: 
2.012500  0.000000  0.000000  0.150000  0.000000  0.000000  
0.000000  2.012500  0.000000  0.000000  0.150000  0.000000  
0.000000  0.000000  2.012500  0.000000  0.000000  0.150000  
0.150000  0.000000  0.000000  3.000000  0.000000  0.000000  
0.000000  0.150000  0.000000  0.000000  3.000000  0.000000  
0.000000  0.000000  0.150000  0.000000  0.000000  3.000000  

F_state #5: 
-1.000000  0.000000  0.000000  0.000000  0.000000  0.000000  
0.000000  -1.000000  0.000000  0.000000  0.000000  0.000000  
0.000000  0.000000  -1.000000  0.000000  0.000000  0.000000  
0.000000  0.000000  0.000000  -1.000000  0.000000  0.000000  
0.000000  0.000000  0.000000  0.000000  -1.000000  0.000000  
0.000000  0.000000  0.000000  0.000000  0.000000  -1.000000  

F_input #5: 
0.000000  0.000000  0.000000  0.000000  0.000000  0.000000  
0.000000  0.000000  0.000000  0.000000  0.000000  0.000000  
0.000000  0.000000  0.000000  0.000000  0.000000  0.000000  

F_lambda #6: 
0.000000  0.000000  0.000000  0.000000  0.000000  0.000000  
0.000000  0.000000  0.000000  0.000000  0.000000  0.000000  
0.000000  0.000000  0.000000  0.000000  0.000000  0.000000  
0.000000  0.000000  0.000000  0.000000  0.000000  0.000000  
0.000000  0.000000  0.000000  0.000000  0.000000  0.000000  
0.000000  0.000000  0.000000  0.000000  0.000000  0.000000  

F_state #6: 
1.000000  0.000000  0.000000  0.000000  0.000000  0.000000  
0.000000  1.000000  0.000000  0.000000  0.000000  0.000000  
0.000000  0.000000  1.000000  0.000000  0.000000  0.000000  
0.100000  0.000000  0.000000  1.000000  0.000000  0.000000  
0.000000  0.100000  0.000000  0.000000  1.000000  0.000000  
0.000000  0.000000  0.100000  0.000000  0.000000  1.000000  

F_input #6: 
0.500000  0.000000  0.000000  10.000000  0.000000  0.000000  
0.000000  0.500000  0.000000  0.000000  10.000000  0.000000  
0.000000  0.000000  0.500000  0.000000  0.000000  10.000000  

F_lambda #7: 
1.112500  0.000000  0.000000  0.150000  0.000000  0.000000  
0.000000  1.112500  0.000000  0.000000  0.150000  0.000000  
0.000000  0.000000  1.112500  0.000000  0.000000  0.150000  
0.150000  0.000000  0.000000  2.100000  0.000000  0.000000  
0.000000  0.150000  0.000000  0.000000  2.100000  0.000000  
0.000000  0.000000  0.150000  0.000000  0.000000  2.100000  

F_state #7: 
-0.100000  0.000000  0.000000  0.000000  0.000000  0.000000  
0.000000  -0.100000  0.000000  0.000000  0.000000  0.000000  
0.000000  0.000000  -0.100000  0.000000  0.000000  0.000000  
0.000000  0.000000  0.000000  -0.100000  0.000000  0.000000  
0.000000  0.000000  0.000000  0.000000  -0.100000  0.000000  
0.000000  0.000000  0.000000  0.000000  0.000000  -0.100000  

F_input #7: 
0.000000  0.000000  0.000000  0.000000  0.000000  0.000000  
0.000000  0.000000  0.000000  0.000000  0.000000  0.000000  
0.000000  0.000000  0.000000  0.000000  0.000000  0.000000  

LEVEL 1

F_lambda #8: 
0.000000  0.000000  0.000000  0.000000  0.000000  0.000000  
0.000000  0.000000  0.000000  0.000000  0.000000  0.000000  
0.000000  0.000000  0.000000  0.000000  0.000000  0.000000  
0.000000  0.000000  0.000000  0.000000  0.000000  0.000000  
0.000000  0.000000  0.000000  0.000000  0.000000  0.000000  
0.000000  0.000000  0.000000  0.000000  0.000000  0.000000  

F_state #8: 
0.000000  0.000000  0.000000  0.000000  0.000000  0.000000  
0.000000  0.000000  0.000000  0.000000  0.000000  0.000000  
0.000000  0.000000  0.000000  0.000000  0.000000  0.000000  
0.000000  0.000000  0.000000  0.000000  0.000000  0.000000  
0.000000  0.000000  0.000000  0.000000  0.000000  0.000000  
0.000000  0.000000  0.000000  0.000000  0.000000  0.000000  

F_input #8: 
0.000000  0.000000  0.000000  0.000000  0.000000  0.000000  
0.000000  0.000000  0.000000  0.000000  0.000000  0.000000  
0.000000  0.000000  0.000000  0.000000  0.000000  0.000000  

F_lambda #9: 
-1.000000  0.000000  0.000000  0.000000  0.000000  0.000000  
0.000000  -1.000000  0.000000  0.000000  0.000000  0.000000  
0.000000  0.000000  -1.000000  0.000000  0.000000  0.000000  
-0.100000  0.000000  0.000000  -1.000000  0.000000  0.000000  
0.000000  -0.100000  0.000000  0.000000  -1.000000  0.000000  
0.000000  0.000000  -0.100000  0.000000  0.000000  -1.000000  

F_state #9: 
1.000000  0.000000  0.000000  0.000000  0.000000  0.000000  
0.000000  1.000000  0.000000  0.000000  0.000000  0.000000  
0.000000  0.000000  1.000000  0.000000  0.000000  0.000000  
0.100000  0.000000  0.000000  1.000000  0.000000  0.000000  
0.000000  0.100000  0.000000  0.000000  1.000000  0.000000  
0.000000  0.000000  0.100000  0.000000  0.000000  1.000000  

F_input #9: 
0.500000  0.000000  0.000000  10.000000  0.000000  0.000000  
0.000000  0.500000  0.000000  0.000000  10.000000  0.000000  
0.000000  0.000000  0.500000  0.000000  0.000000  10.000000  

F_lambda #10: 
2.012500  0.000000  0.000000  0.150000  0.000000  0.000000  
0.000000  2.012500  0.000000  0.000000  0.150000  0.000000  
0.000000  0.000000  2.012500  0.000000  0.000000  0.150000  
0.150000  0.000000  0.000000  3.000000  0.000000  0.000000  
0.000000  0.150000  0.000000  0.000000  3.000000  0.000000  
0.000000  0.000000  0.150000  0.000000  0.000000  3.000000  

F_state #10: 
-1.000000  0.000000  0.000000  0.000000  0.000000  0.000000  
0.000000  -1.000000  0.000000  0.000000  0.000000  0.000000  
0.000000  0.000000  -1.000000  0.000000  0.000000  0.000000  
0.000000  0.000000  0.000000  -1.000000  0.000000  0.000000  
0.000000  0.000000  0.000000  0.000000  -1.000000  0.000000  
0.000000  0.000000  0.000000  0.000000  0.000000  -1.000000  

F_input #10: 
0.000000  0.000000  0.000000  0.000000  0.000000  0.000000  
0.000000  0.000000  0.000000  0.000000  0.000000  0.000000  
0.000000  0.000000  0.000000  0.000000  0.000000  0.000000  

F_lambda #11: 
-1.000000  0.000000  0.000000  -0.100000  0.000000  0.000000  
0.000000  -1.000000  0.000000  0.000000  -0.100000  0.000000  
0.000000  0.000000  -1.000000  0.000000  0.000000  -0.100000  
0.000000  0.000000  0.000000  -1.000000  0.000000  0.000000  
0.000000  0.000000  0.000000  0.000000  -1.000000  0.000000  
0.000000  0.000000  0.000000  0.000000  0.000000  -1.000000  

F_state #11: 
0.000000  0.000000  0.000000  0.000000  0.000000  0.000000  
0.000000  0.000000  0.000000  0.000000  0.000000  0.000000  
0.000000  0.000000  0.000000  0.000000  0.000000  0.000000  
0.000000  0.000000  0.000000  0.000000  0.000000  0.000000  
0.000000  0.000000  0.000000  0.000000  0.000000  0.000000  
0.000000  0.000000  0.000000  0.000000  0.000000  0.000000  

F_input #11: 
0.000000  0.000000  0.000000  0.000000  0.000000  0.000000  
0.000000  0.000000  0.000000  0.000000  0.000000  0.000000  
0.000000  0.000000  0.000000  0.000000  0.000000  0.000000  

F_lambda #12: 
0.000000  0.000000  0.000000  0.000000  0.000000  0.000000  
0.000000  0.000000  0.000000  0.000000  0.000000  0.000000  
0.000000  0.000000  0.000000  0.000000  0.000000  0.000000  
0.000000  0.000000  0.000000  0.000000  0.000000  0.000000  
0.000000  0.000000  0.000000  0.000000  0.000000  0.000000  
0.000000  0.000000  0.000000  0.000000  0.000000  0.000000  

F_state #12: 
0.000000  0.000000  0.000000  0.000000  0.000000  0.000000  
0.000000  0.000000  0.000000  0.000000  0.000000  0.000000  
0.000000  0.000000  0.000000  0.000000  0.000000  0.000000  
0.000000  0.000000  0.000000  0.000000  0.000000  0.000000  
0.000000  0.000000  0.000000  0.000000  0.000000  0.000000  
0.000000  0.000000  0.000000  0.000000  0.000000  0.000000  

F_input #12: 
0.000000  0.000000  0.000000  0.000000  0.000000  0.000000  
0.000000  0.000000  0.000000  0.000000  0.000000  0.000000  
0.000000  0.000000  0.000000  0.000000  0.000000  0.000000  

F_lambda #13: 
-1.000000  0.000000  0.000000  0.000000  0.000000  0.000000  
0.000000  -1.000000  0.000000  0.000000  0.000000  0.000000  
0.000000  0.000000  -1.000000  0.000000  0.000000  0.000000  
-0.100000  0.000000  0.000000  -1.000000  0.000000  0.000000  
0.000000  -0.100000  0.000000  0.000000  -1.000000  0.000000  
0.000000  0.000000  -0.100000  0.000000  0.000000  -1.000000  

F_state #13: 
1.000000  0.000000  0.000000  0.000000  0.000000  0.000000  
0.000000  1.000000  0.000000  0.000000  0.000000  0.000000  
0.000000  0.000000  1.000000  0.000000  0.000000  0.000000  
0.100000  0.000000  0.000000  1.000000  0.000000  0.000000  
0.000000  0.100000  0.000000  0.000000  1.000000  0.000000  
0.000000  0.000000  0.100000  0.000000  0.000000  1.000000  

F_input #13: 
0.500000  0.000000  0.000000  10.000000  0.000000  0.000000  
0.000000  0.500000  0.000000  0.000000  10.000000  0.000000  
0.000000  0.000000  0.500000  0.000000  0.000000  10.000000  

F_lambda #14: 
2.012500  0.000000  0.000000  0.150000  0.000000  0.000000  
0.000000  2.012500  0.000000  0.000000  0.150000  0.000000  
0.000000  0.000000  2.012500  0.000000  0.000000  0.150000  
0.150000  0.000000  0.000000  3.000000  0.000000  0.000000  
0.000000  0.150000  0.000000  0.000000  3.000000  0.000000  
0.000000  0.000000  0.150000  0.000000  0.000000  3.000000  

F_state #14: 
-1.000000  0.000000  0.000000  0.000000  0.000000  0.000000  
0.000000  -1.000000  0.000000  0.000000  0.000000  0.000000  
0.000000  0.000000  -1.000000  0.000000  0.000000  0.000000  
0.000000  0.000000  0.000000  -1.000000  0.000000  0.000000  
0.000000  0.000000  0.000000  0.000000  -1.000000  0.000000  
0.000000  0.000000  0.000000  0.000000  0.000000  -1.000000  

F_input #14: 
0.000000  0.000000  0.000000  0.000000  0.000000  0.000000  
0.000000  0.000000  0.000000  0.000000  0.000000  0.000000  
0.000000  0.000000  0.000000  0.000000  0.000000  0.000000  

F_lambda #15: 
-1.000000  0.000000  0.000000  -0.100000  0.000000  0.000000  
0.000000  -1.000000  0.000000  0.000000  -0.100000  0.000000  
0.000000  0.000000  -1.000000  0.000000  0.000000  -0.100000  
0.000000  0.000000  0.000000  -1.000000  0.000000  0.000000  
0.000000  0.000000  0.000000  0.000000  -1.000000  0.000000  
0.000000  0.000000  0.000000  0.000000  0.000000  -1.000000  

F_state #15: 
0.000000  0.000000  0.000000  0.000000  0.000000  0.000000  
0.000000  0.000000  0.000000  0.000000  0.000000  0.000000  
0.000000  0.000000  0.000000  0.000000  0.000000  0.000000  
0.000000  0.000000  0.000000  0.000000  0.000000  0.000000  
0.000000  0.000000  0.000000  0.000000  0.000000  0.000000  
0.000000  0.000000  0.000000  0.000000  0.000000  0.000000  

F_input #15: 
0.000000  0.000000  0.000000  0.000000  0.000000  0.000000  
0.000000  0.000000  0.000000  0.000000  0.000000  0.000000  
0.000000  0.000000  0.000000  0.000000  0.000000  0.000000  

LEVEL 2

F_lambda #16: 
0.000000  0.000000  0.000000  0.000000  0.000000  0.000000  
0.000000  0.000000  0.000000  0.000000  0.000000  0.000000  
0.000000  0.000000  0.000000  0.000000  0.000000  0.000000  
0.000000  0.000000  0.000000  0.000000  0.000000  0.000000  
0.000000  0.000000  0.000000  0.000000  0.000000  0.000000  
0.000000  0.000000  0.000000  0.000000  0.000000  0.000000  

F_state #16: 
0.000000  0.000000  0.000000  0.000000  0.000000  0.000000  
0.000000  0.000000  0.000000  0.000000  0.000000  0.000000  
0.000000  0.000000  0.000000  0.000000  0.000000  0.000000  
0.000000  0.000000  0.000000  0.000000  0.000000  0.000000  
0.000000  0.000000  0.000000  0.000000  0.000000  0.000000  
0.000000  0.000000  0.000000  0.000000  0.000000  0.000000  

F_input #16: 
0.000000  0.000000  0.000000  0.000000  0.000000  0.000000  
0.000000  0.000000  0.000000  0.000000  0.000000  0.000000  
0.000000  0.000000  0.000000  0.000000  0.000000  0.000000  

F_lambda #17: 
0.000000  0.000000  0.000000  0.000000  0.000000  0.000000  
0.000000  0.000000  0.000000  0.000000  0.000000  0.000000  
0.000000  0.000000  0.000000  0.000000  0.000000  0.000000  
0.000000  0.000000  0.000000  0.000000  0.000000  0.000000  
0.000000  0.000000  0.000000  0.000000  0.000000  0.000000  
0.000000  0.000000  0.000000  0.000000  0.000000  0.000000  

F_state #17: 
0.000000  0.000000  0.000000  0.000000  0.000000  0.000000  
0.000000  0.000000  0.000000  0.000000  0.000000  0.000000  
0.000000  0.000000  0.000000  0.000000  0.000000  0.000000  
0.000000  0.000000  0.000000  0.000000  0.000000  0.000000  
0.000000  0.000000  0.000000  0.000000  0.000000  0.000000  
0.000000  0.000000  0.000000  0.000000  0.000000  0.000000  

F_input #17: 
0.000000  0.000000  0.000000  0.000000  0.000000  0.000000  
0.000000  0.000000  0.000000  0.000000  0.000000  0.000000  
0.000000  0.000000  0.000000  0.000000  0.000000  0.000000  

F_lambda #18: 
0.000000  0.000000  0.000000  0.000000  0.000000  0.000000  
0.000000  0.000000  0.000000  0.000000  0.000000  0.000000  
0.000000  0.000000  0.000000  0.000000  0.000000  0.000000  
0.000000  0.000000  0.000000  0.000000  0.000000  0.000000  
0.000000  0.000000  0.000000  0.000000  0.000000  0.000000  
0.000000  0.000000  0.000000  0.000000  0.000000  0.000000  

F_state #18: 
0.000000  0.000000  0.000000  0.000000  0.000000  0.000000  
0.000000  0.000000  0.000000  0.000000  0.000000  0.000000  
0.000000  0.000000  0.000000  0.000000  0.000000  0.000000  
0.000000  0.000000  0.000000  0.000000  0.000000  0.000000  
0.000000  0.000000  0.000000  0.000000  0.000000  0.000000  
0.000000  0.000000  0.000000  0.000000  0.000000  0.000000  

F_input #18: 
0.000000  0.000000  0.000000  0.000000  0.000000  0.000000  
0.000000  0.000000  0.000000  0.000000  0.000000  0.000000  
0.000000  0.000000  0.000000  0.000000  0.000000  0.000000  

F_lambda #19: 
-1.000000  0.000000  0.000000  0.000000  0.000000  0.000000  
0.000000  -1.000000  0.000000  0.000000  0.000000  0.000000  
0.000000  0.000000  -1.000000  0.000000  0.000000  0.000000  
-0.100000  0.000000  0.000000  -1.000000  0.000000  0.000000  
0.000000  -0.100000  0.000000  0.000000  -1.000000  0.000000  
0.000000  0.000000  -0.100000  0.000000  0.000000  -1.000000  

F_state #19: 
1.000000  0.000000  0.000000  0.000000  0.000000  0.000000  
0.000000  1.000000  0.000000  0.000000  0.000000  0.000000  
0.000000  0.000000  1.000000  0.000000  0.000000  0.000000  
0.100000  0.000000  0.000000  1.000000  0.000000  0.000000  
0.000000  0.100000  0.000000  0.000000  1.000000  0.000000  
0.000000  0.000000  0.100000  0.000000  0.000000  1.000000  

F_input #19: 
0.500000  0.000000  0.000000  10.000000  0.000000  0.000000  
0.000000  0.500000  0.000000  0.000000  10.000000  0.000000  
0.000000  0.000000  0.500000  0.000000  0.000000  10.000000  

F_lambda #20: 
0.000000  0.000000  0.000000  0.000000  0.000000  0.000000  
0.000000  0.000000  0.000000  0.000000  0.000000  0.000000  
0.000000  0.000000  0.000000  0.000000  0.000000  0.000000  
0.000000  0.000000  0.000000  0.000000  0.000000  0.000000  
0.000000  0.000000  0.000000  0.000000  0.000000  0.000000  
0.000000  0.000000  0.000000  0.000000  0.000000  0.000000  

F_state #20: 
-1.000000  0.000000  0.000000  0.000000  0.000000  0.000000  
0.000000  -1.000000  0.000000  0.000000  0.000000  0.000000  
0.000000  0.000000  -1.000000  0.000000  0.000000  0.000000  
0.000000  0.000000  0.000000  -1.000000  0.000000  0.000000  
0.000000  0.000000  0.000000  0.000000  -1.000000  0.000000  
0.000000  0.000000  0.000000  0.000000  0.000000  -1.000000  

F_input #20: 
0.000000  0.000000  0.000000  0.000000  0.000000  0.000000  
0.000000  0.000000  0.000000  0.000000  0.000000  0.000000  
0.000000  0.000000  0.000000  0.000000  0.000000  0.000000  

F_lambda #21: 
-1.000000  0.000000  0.000000  -0.100000  0.000000  0.000000  
0.000000  -1.000000  0.000000  0.000000  -0.100000  0.000000  
0.000000  0.000000  -1.000000  0.000000  0.000000  -0.100000  
0.000000  0.000000  0.000000  -1.000000  0.000000  0.000000  
0.000000  0.000000  0.000000  0.000000  -1.000000  0.000000  
0.000000  0.000000  0.000000  0.000000  0.000000  -1.000000  

F_state #21: 
0.000000  0.000000  0.000000  0.000000  0.000000  0.000000  
0.000000  0.000000  0.000000  0.000000  0.000000  0.000000  
0.000000  0.000000  0.000000  0.000000  0.000000  0.000000  
0.000000  0.000000  0.000000  0.000000  0.000000  0.000000  
0.000000  0.000000  0.000000  0.000000  0.000000  0.000000  
0.000000  0.000000  0.000000  0.000000  0.000000  0.000000  

F_input #21: 
0.000000  0.000000  0.000000  0.000000  0.000000  0.000000  
0.000000  0.000000  0.000000  0.000000  0.000000  0.000000  
0.000000  0.000000  0.000000  0.000000  0.000000  0.000000  

F_lambda #22: 
0.000000  0.000000  0.000000  0.000000  0.000000  0.000000  
0.000000  0.000000  0.000000  0.000000  0.000000  0.000000  
0.000000  0.000000  0.000000  0.000000  0.000000  0.000000  
0.000000  0.000000  0.000000  0.000000  0.000000  0.000000  
0.000000  0.000000  0.000000  0.000000  0.000000  0.000000  
0.000000  0.000000  0.000000  0.000000  0.000000  0.000000  

F_state #22: 
0.000000  0.000000  0.000000  0.000000  0.000000  0.000000  
0.000000  0.000000  0.000000  0.000000  0.000000  0.000000  
0.000000  0.000000  0.000000  0.000000  0.000000  0.000000  
0.000000  0.000000  0.000000  0.000000  0.000000  0.000000  
0.000000  0.000000  0.000000  0.000000  0.000000  0.000000  
0.000000  0.000000  0.000000  0.000000  0.000000  0.000000  

F_input #22: 
0.000000  0.000000  0.000000  0.000000  0.000000  0.000000  
0.000000  0.000000  0.000000  0.000000  0.000000  0.000000  
0.000000  0.000000  0.000000  0.000000  0.000000  0.000000  

F_lambda #23: 
0.000000  0.000000  0.000000  0.000000  0.000000  0.000000  
0.000000  0.000000  0.000000  0.000000  0.000000  0.000000  
0.000000  0.000000  0.000000  0.000000  0.000000  0.000000  
0.000000  0.000000  0.000000  0.000000  0.000000  0.000000  
0.000000  0.000000  0.000000  0.000000  0.000000  0.000000  
0.000000  0.000000  0.000000  0.000000  0.000000  0.000000  

F_state #23: 
0.000000  0.000000  0.000000  0.000000  0.000000  0.000000  
0.000000  0.000000  0.000000  0.000000  0.000000  0.000000  
0.000000  0.000000  0.000000  0.000000  0.000000  0.000000  
0.000000  0.000000  0.000000  0.000000  0.000000  0.000000  
0.000000  0.000000  0.000000  0.000000  0.000000  0.000000  
0.000000  0.000000  0.000000  0.000000  0.000000  0.000000  

F_input #23: 
0.000000  0.000000  0.000000  0.000000  0.000000  0.000000  
0.000000  0.000000  0.000000  0.000000  0.000000  0.000000  
0.000000  0.000000  0.000000  0.000000  0.000000  0.000000  

d0: 
-1.000000  -2.200000  1.600000  -1.600000  4.200000  -1.000000  

q0: 
1.000000  -1.000000  2.000000  -2.000000  3.000000  -3.000000  

r0: 
100.000000  0.000000  -100.000000  

d1: 
-1.500000  -1.500000  -1.500000  -1.500000  -1.500000  -1.500000  

q1: 
4.000000  2.400000  0.800000  -0.800000  -2.400000  -4.000000  

r1: 
200.000000  0.000000  -200.000000  

d2: 
-3.000000  -3.000000  -3.000000  -3.000000  -3.000000  -3.000000  

q2: 
6.000000  3.600000  1.200000  -1.200000  -3.600000  -6.000000  

r2: 
300.000000  0.000000  -300.000000  

d3: 
-4.500000  -4.500000  -4.500000  -4.500000  -4.500000  -4.500000  

q3: 
8.000000  4.800000  1.600000  -1.600000  -4.800000  -8.000000  

r3: 
400.000000  0.000000  -400.000000  

d4: 
-6.000000  -6.000000  -6.000000  -6.000000  -6.000000  -6.000000  

q4: 
10.000000  6.000000  2.000000  -2.000000  -6.000000  -10.000000  

r4: 
500.000000  0.000000  -500.000000  

d5: 
-7.500000  -7.500000  -7.500000  -7.500000  -7.500000  -7.500000  

q5: 
12.000000  7.200000  2.400000  -2.400000  -7.200000  -12.000000  

r5: 
600.000000  0.000000  -600.000000  

d6: 
-9.000000  -9.000000  -9.000000  -9.000000  -9.000000  -9.000000  

q6: 
14.000000  8.400000  2.800000  -2.800000  -8.400000  -14.000000  

r6: 
700.000000  0.000000  -700.000000  

d7: 
-10.500000  -10.500000  -10.500000  -10.500000  -10.500000  -10.500000  

q7: 
16.000000  9.599999  3.200000  -3.200000  -9.599999  -16.000000  

r7: 
-0.000000  -0.000000  -0.000000  
CHECKING DATA AFTER calc_inner 2
LEVEL 0

F_lambda #0: 
-1.000000  -0.000000  -0.000000  -0.000000  -0.000000  -0.000000  
-0.000000  -1.000000  -0.000000  -0.000000  -0.000000  -0.000000  
-0.000000  -0.000000  -1.000000  -0.000000  -0.000000  -0.000000  
-0.100000  -0.000000  -0.000000  -1.000000  -0.000000  -0.000000  
-0.000000  -0.100000  -0.000000  -0.000000  -1.000000  -0.000000  
-0.000000  -0.000000  -0.100000  -0.000000  -0.000000  -1.000000  

F_state #0: 
0.000000  0.000000  0.000000  0.000000  0.000000  0.000000  
0.000000  0.000000  0.000000  0.000000  0.000000  0.000000  
0.000000  0.000000  0.000000  0.000000  0.000000  0.000000  
0.000000  0.000000  0.000000  0.000000  0.000000  0.000000  
0.000000  0.000000  0.000000  0.000000  0.000000  0.000000  
0.000000  0.000000  0.000000  0.000000  0.000000  0.000000  

F_input #0: 
0.500000  0.000000  0.000000  10.000000  0.000000  0.000000  
0.000000  0.500000  0.000000  0.000000  10.000000  0.000000  
0.000000  0.000000  0.500000  0.000000  0.000000  10.000000  

F_lambda #1: 
1.002500  0.000000  0.000000  0.050000  0.000000  0.000000  
0.000000  1.002500  0.000000  0.000000  0.050000  0.000000  
0.000000  0.000000  1.002500  0.000000  0.000000  0.050000  
0.050000  0.000000  0.000000  2.000000  0.000000  0.000000  
0.000000  0.050000  0.000000  0.000000  2.000000  0.000000  
0.000000  0.000000  0.050000  0.000000  0.000000  2.000000  

F_state #1: 
-1.000000  0.000000  0.000000  0.000000  0.000000  0.000000  
0.000000  -1.000000  0.000000  0.000000  0.000000  0.000000  
0.000000  0.000000  -1.000000  0.000000  0.000000  0.000000  
0.000000  0.000000  0.000000  -1.000000  0.000000  0.000000  
0.000000  0.000000  0.000000  0.000000  -1.000000  0.000000  
0.000000  0.000000  0.000000  0.000000  0.000000  -1.000000  

F_input #1: 
0.000000  0.000000  0.000000  0.000000  0.000000  0.000000  
0.000000  0.000000  0.000000  0.000000  0.000000  0.000000  
0.000000  0.000000  0.000000  0.000000  0.000000  0.000000  

F_lambda #2: 
0.000000  0.000000  0.000000  0.000000  0.000000  0.000000  
0.000000  0.000000  0.000000  0.000000  0.000000  0.000000  
0.000000  0.000000  0.000000  0.000000  0.000000  0.000000  
0.000000  0.000000  0.000000  0.000000  0.000000  0.000000  
0.000000  0.000000  0.000000  0.000000  0.000000  0.000000  
0.000000  0.000000  0.000000  0.000000  0.000000  0.000000  

F_state #2: 
1.000000  0.000000  0.000000  0.000000  0.000000  0.000000  
0.000000  1.000000  0.000000  0.000000  0.000000  0.000000  
0.000000  0.000000  1.000000  0.000000  0.000000  0.000000  
0.100000  0.000000  0.000000  1.000000  0.000000  0.000000  
0.000000  0.100000  0.000000  0.000000  1.000000  0.000000  
0.000000  0.000000  0.100000  0.000000  0.000000  1.000000  

F_input #2: 
0.500000  0.000000  0.000000  10.000000  0.000000  0.000000  
0.000000  0.500000  0.000000  0.000000  10.000000  0.000000  
0.000000  0.000000  0.500000  0.000000  0.000000  10.000000  

F_lambda #3: 
2.012500  0.000000  0.000000  0.150000  0.000000  0.000000  
0.000000  2.012500  0.000000  0.000000  0.150000  0.000000  
0.000000  0.000000  2.012500  0.000000  0.000000  0.150000  
0.150000  0.000000  0.000000  3.000000  0.000000  0.000000  
0.000000  0.150000  0.000000  0.000000  3.000000  0.000000  
0.000000  0.000000  0.150000  0.000000  0.000000  3.000000  

F_state #3: 
-1.000000  0.000000  0.000000  0.000000  0.000000  0.000000  
0.000000  -1.000000  0.000000  0.000000  0.000000  0.000000  
0.000000  0.000000  -1.000000  0.000000  0.000000  0.000000  
0.000000  0.000000  0.000000  -1.000000  0.000000  0.000000  
0.000000  0.000000  0.000000  0.000000  -1.000000  0.000000  
0.000000  0.000000  0.000000  0.000000  0.000000  -1.000000  

F_input #3: 
0.000000  0.000000  0.000000  0.000000  0.000000  0.000000  
0.000000  0.000000  0.000000  0.000000  0.000000  0.000000  
0.000000  0.000000  0.000000  0.000000  0.000000  0.000000  

F_lambda #4: 
0.000000  0.000000  0.000000  0.000000  0.000000  0.000000  
0.000000  0.000000  0.000000  0.000000  0.000000  0.000000  
0.000000  0.000000  0.000000  0.000000  0.000000  0.000000  
0.000000  0.000000  0.000000  0.000000  0.000000  0.000000  
0.000000  0.000000  0.000000  0.000000  0.000000  0.000000  
0.000000  0.000000  0.000000  0.000000  0.000000  0.000000  

F_state #4: 
1.000000  0.000000  0.000000  0.000000  0.000000  0.000000  
0.000000  1.000000  0.000000  0.000000  0.000000  0.000000  
0.000000  0.000000  1.000000  0.000000  0.000000  0.000000  
0.100000  0.000000  0.000000  1.000000  0.000000  0.000000  
0.000000  0.100000  0.000000  0.000000  1.000000  0.000000  
0.000000  0.000000  0.100000  0.000000  0.000000  1.000000  

F_input #4: 
0.500000  0.000000  0.000000  10.000000  0.000000  0.000000  
0.000000  0.500000  0.000000  0.000000  10.000000  0.000000  
0.000000  0.000000  0.500000  0.000000  0.000000  10.000000  

F_lambda #5: 
2.012500  0.000000  0.000000  0.150000  0.000000  0.000000  
0.000000  2.012500  0.000000  0.000000  0.150000  0.000000  
0.000000  0.000000  2.012500  0.000000  0.000000  0.150000  
0.150000  0.000000  0.000000  3.000000  0.000000  0.000000  
0.000000  0.150000  0.000000  0.000000  3.000000  0.000000  
0.000000  0.000000  0.150000  0.000000  0.000000  3.000000  

F_state #5: 
-1.000000  0.000000  0.000000  0.000000  0.000000  0.000000  
0.000000  -1.000000  0.000000  0.000000  0.000000  0.000000  
0.000000  0.000000  -1.000000  0.000000  0.000000  0.000000  
0.000000  0.000000  0.000000  -1.000000  0.000000  0.000000  
0.000000  0.000000  0.000000  0.000000  -1.000000  0.000000  
0.000000  0.000000  0.000000  0.000000  0.000000  -1.000000  

F_input #5: 
0.000000  0.000000  0.000000  0.000000  0.000000  0.000000  
0.000000  0.000000  0.000000  0.000000  0.000000  0.000000  
0.000000  0.000000  0.000000  0.000000  0.000000  0.000000  

F_lambda #6: 
0.000000  0.000000  0.000000  0.000000  0.000000  0.000000  
0.000000  0.000000  0.000000  0.000000  0.000000  0.000000  
0.000000  0.000000  0.000000  0.000000  0.000000  0.000000  
0.000000  0.000000  0.000000  0.000000  0.000000  0.000000  
0.000000  0.000000  0.000000  0.000000  0.000000  0.000000  
0.000000  0.000000  0.000000  0.000000  0.000000  0.000000  

F_state #6: 
1.000000  0.000000  0.000000  0.000000  0.000000  0.000000  
0.000000  1.000000  0.000000  0.000000  0.000000  0.000000  
0.000000  0.000000  1.000000  0.000000  0.000000  0.000000  
0.100000  0.000000  0.000000  1.000000  0.000000  0.000000  
0.000000  0.100000  0.000000  0.000000  1.000000  0.000000  
0.000000  0.000000  0.100000  0.000000  0.000000  1.000000  

F_input #6: 
0.500000  0.000000  0.000000  10.000000  0.000000  0.000000  
0.000000  0.500000  0.000000  0.000000  10.000000  0.000000  
0.000000  0.000000  0.500000  0.000000  0.000000  10.000000  

F_lambda #7: 
1.112500  0.000000  0.000000  0.150000  0.000000  0.000000  
0.000000  1.112500  0.000000  0.000000  0.150000  0.000000  
0.000000  0.000000  1.112500  0.000000  0.000000  0.150000  
0.150000  0.000000  0.000000  2.100000  0.000000  0.000000  
0.000000  0.150000  0.000000  0.000000  2.100000  0.000000  
0.000000  0.000000  0.150000  0.000000  0.000000  2.100000  

F_state #7: 
-0.100000  0.000000  0.000000  0.000000  0.000000  0.000000  
0.000000  -0.100000  0.000000  0.000000  0.000000  0.000000  
0.000000  0.000000  -0.100000  0.000000  0.000000  0.000000  
0.000000  0.000000  0.000000  -0.100000  0.000000  0.000000  
0.000000  0.000000  0.000000  0.000000  -0.100000  0.000000  
0.000000  0.000000  0.000000  0.000000  0.000000  -0.100000  

F_input #7: 
0.000000  0.000000  0.000000  0.000000  0.000000  0.000000  
0.000000  0.000000  0.000000  0.000000  0.000000  0.000000  
0.000000  0.000000  0.000000  0.000000  0.000000  0.000000  

LEVEL 1

F_lambda #8: 
0.000000  0.000000  0.000000  0.000000  0.000000  0.000000  
0.000000  0.000000  0.000000  0.000000  0.000000  0.000000  
0.000000  0.000000  0.000000  0.000000  0.000000  0.000000  
0.000000  0.000000  0.000000  0.000000  0.000000  0.000000  
0.000000  0.000000  0.000000  0.000000  0.000000  0.000000  
0.000000  0.000000  0.000000  0.000000  0.000000  0.000000  

F_state #8: 
0.000000  0.000000  0.000000  0.000000  0.000000  0.000000  
0.000000  0.000000  0.000000  0.000000  0.000000  0.000000  
0.000000  0.000000  0.000000  0.000000  0.000000  0.000000  
0.000000  0.000000  0.000000  0.000000  0.000000  0.000000  
0.000000  0.000000  0.000000  0.000000  0.000000  0.000000  
0.000000  0.000000  0.000000  0.000000  0.000000  0.000000  

F_input #8: 
0.000000  0.000000  0.000000  0.000000  0.000000  0.000000  
0.000000  0.000000  0.000000  0.000000  0.000000  0.000000  
0.000000  0.000000  0.000000  0.000000  0.000000  0.000000  

F_lambda #9: 
-1.000000  0.000000  0.000000  0.000000  0.000000  0.000000  
0.000000  -1.000000  0.000000  0.000000  0.000000  0.000000  
0.000000  0.000000  -1.000000  0.000000  0.000000  0.000000  
-0.100000  0.000000  0.000000  -1.000000  0.000000  0.000000  
0.000000  -0.100000  0.000000  0.000000  -1.000000  0.000000  
0.000000  0.000000  -0.100000  0.000000  0.000000  -1.000000  

F_state #9: 
1.000000  0.000000  0.000000  0.000000  0.000000  0.000000  
0.000000  1.000000  0.000000  0.000000  0.000000  0.000000  
0.000000  0.000000  1.000000  0.000000  0.000000  0.000000  
0.100000  0.000000  0.000000  1.000000  0.000000  0.000000  
0.000000  0.100000  0.000000  0.000000  1.000000  0.000000  
0.000000  0.000000  0.100000  0.000000  0.000000  1.000000  

F_input #9: 
0.500000  0.000000  0.000000  10.000000  0.000000  0.000000  
0.000000  0.500000  0.000000  0.000000  10.000000  0.000000  
0.000000  0.000000  0.500000  0.000000  0.000000  10.000000  

F_lambda #10: 
2.012500  0.000000  0.000000  0.150000  0.000000  0.000000  
0.000000  2.012500  0.000000  0.000000  0.150000  0.000000  
0.000000  0.000000  2.012500  0.000000  0.000000  0.150000  
0.150000  0.000000  0.000000  3.000000  0.000000  0.000000  
0.000000  0.150000  0.000000  0.000000  3.000000  0.000000  
0.000000  0.000000  0.150000  0.000000  0.000000  3.000000  

F_state #10: 
-1.000000  0.000000  0.000000  0.000000  0.000000  0.000000  
0.000000  -1.000000  0.000000  0.000000  0.000000  0.000000  
0.000000  0.000000  -1.000000  0.000000  0.000000  0.000000  
0.000000  0.000000  0.000000  -1.000000  0.000000  0.000000  
0.000000  0.000000  0.000000  0.000000  -1.000000  0.000000  
0.000000  0.000000  0.000000  0.000000  0.000000  -1.000000  

F_input #10: 
0.000000  0.000000  0.000000  0.000000  0.000000  0.000000  
0.000000  0.000000  0.000000  0.000000  0.000000  0.000000  
0.000000  0.000000  0.000000  0.000000  0.000000  0.000000  

F_lambda #11: 
-1.000000  0.000000  0.000000  -0.100000  0.000000  0.000000  
0.000000  -1.000000  0.000000  0.000000  -0.100000  0.000000  
0.000000  0.000000  -1.000000  0.000000  0.000000  -0.100000  
0.000000  0.000000  0.000000  -1.000000  0.000000  0.000000  
0.000000  0.000000  0.000000  0.000000  -1.000000  0.000000  
0.000000  0.000000  0.000000  0.000000  0.000000  -1.000000  

F_state #11: 
0.000000  0.000000  0.000000  0.000000  0.000000  0.000000  
0.000000  0.000000  0.000000  0.000000  0.000000  0.000000  
0.000000  0.000000  0.000000  0.000000  0.000000  0.000000  
0.000000  0.000000  0.000000  0.000000  0.000000  0.000000  
0.000000  0.000000  0.000000  0.000000  0.000000  0.000000  
0.000000  0.000000  0.000000  0.000000  0.000000  0.000000  

F_input #11: 
0.000000  0.000000  0.000000  0.000000  0.000000  0.000000  
0.000000  0.000000  0.000000  0.000000  0.000000  0.000000  
0.000000  0.000000  0.000000  0.000000  0.000000  0.000000  

F_lambda #12: 
0.000000  0.000000  0.000000  0.000000  0.000000  0.000000  
0.000000  0.000000  0.000000  0.000000  0.000000  0.000000  
0.000000  0.000000  0.000000  0.000000  0.000000  0.000000  
0.000000  0.000000  0.000000  0.000000  0.000000  0.000000  
0.000000  0.000000  0.000000  0.000000  0.000000  0.000000  
0.000000  0.000000  0.000000  0.000000  0.000000  0.000000  

F_state #12: 
0.000000  0.000000  0.000000  0.000000  0.000000  0.000000  
0.000000  0.000000  0.000000  0.000000  0.000000  0.000000  
0.000000  0.000000  0.000000  0.000000  0.000000  0.000000  
0.000000  0.000000  0.000000  0.000000  0.000000  0.000000  
0.000000  0.000000  0.000000  0.000000  0.000000  0.000000  
0.000000  0.000000  0.000000  0.000000  0.000000  0.000000  

F_input #12: 
0.000000  0.000000  0.000000  0.000000  0.000000  0.000000  
0.000000  0.000000  0.000000  0.000000  0.000000  0.000000  
0.000000  0.000000  0.000000  0.000000  0.000000  0.000000  

F_lambda #13: 
-1.000000  0.000000  0.000000  0.000000  0.000000  0.000000  
0.000000  -1.000000  0.000000  0.000000  0.000000  0.000000  
0.000000  0.000000  -1.000000  0.000000  0.000000  0.000000  
-0.100000  0.000000  0.000000  -1.000000  0.000000  0.000000  
0.000000  -0.100000  0.000000  0.000000  -1.000000  0.000000  
0.000000  0.000000  -0.100000  0.000000  0.000000  -1.000000  

F_state #13: 
1.000000  0.000000  0.000000  0.000000  0.000000  0.000000  
0.000000  1.000000  0.000000  0.000000  0.000000  0.000000  
0.000000  0.000000  1.000000  0.000000  0.000000  0.000000  
0.100000  0.000000  0.000000  1.000000  0.000000  0.000000  
0.000000  0.100000  0.000000  0.000000  1.000000  0.000000  
0.000000  0.000000  0.100000  0.000000  0.000000  1.000000  

F_input #13: 
0.500000  0.000000  0.000000  10.000000  0.000000  0.000000  
0.000000  0.500000  0.000000  0.000000  10.000000  0.000000  
0.000000  0.000000  0.500000  0.000000  0.000000  10.000000  

F_lambda #14: 
2.012500  0.000000  0.000000  0.150000  0.000000  0.000000  
0.000000  2.012500  0.000000  0.000000  0.150000  0.000000  
0.000000  0.000000  2.012500  0.000000  0.000000  0.150000  
0.150000  0.000000  0.000000  3.000000  0.000000  0.000000  
0.000000  0.150000  0.000000  0.000000  3.000000  0.000000  
0.000000  0.000000  0.150000  0.000000  0.000000  3.000000  

F_state #14: 
-1.000000  0.000000  0.000000  0.000000  0.000000  0.000000  
0.000000  -1.000000  0.000000  0.000000  0.000000  0.000000  
0.000000  0.000000  -1.000000  0.000000  0.000000  0.000000  
0.000000  0.000000  0.000000  -1.000000  0.000000  0.000000  
0.000000  0.000000  0.000000  0.000000  -1.000000  0.000000  
0.000000  0.000000  0.000000  0.000000  0.000000  -1.000000  

F_input #14: 
0.000000  0.000000  0.000000  0.000000  0.000000  0.000000  
0.000000  0.000000  0.000000  0.000000  0.000000  0.000000  
0.000000  0.000000  0.000000  0.000000  0.000000  0.000000  

F_lambda #15: 
-1.000000  0.000000  0.000000  -0.100000  0.000000  0.000000  
0.000000  -1.000000  0.000000  0.000000  -0.100000  0.000000  
0.000000  0.000000  -1.000000  0.000000  0.000000  -0.100000  
0.000000  0.000000  0.000000  -1.000000  0.000000  0.000000  
0.000000  0.000000  0.000000  0.000000  -1.000000  0.000000  
0.000000  0.000000  0.000000  0.000000  0.000000  -1.000000  

F_state #15: 
0.000000  0.000000  0.000000  0.000000  0.000000  0.000000  
0.000000  0.000000  0.000000  0.000000  0.000000  0.000000  
0.000000  0.000000  0.000000  0.000000  0.000000  0.000000  
0.000000  0.000000  0.000000  0.000000  0.000000  0.000000  
0.000000  0.000000  0.000000  0.000000  0.000000  0.000000  
0.000000  0.000000  0.000000  0.000000  0.000000  0.000000  

F_input #15: 
0.000000  0.000000  0.000000  0.000000  0.000000  0.000000  
0.000000  0.000000  0.000000  0.000000  0.000000  0.000000  
0.000000  0.000000  0.000000  0.000000  0.000000  0.000000  

LEVEL 2

F_lambda #16: 
0.000000  0.000000  0.000000  0.000000  0.000000  0.000000  
0.000000  0.000000  0.000000  0.000000  0.000000  0.000000  
0.000000  0.000000  0.000000  0.000000  0.000000  0.000000  
0.000000  0.000000  0.000000  0.000000  0.000000  0.000000  
0.000000  0.000000  0.000000  0.000000  0.000000  0.000000  
0.000000  0.000000  0.000000  0.000000  0.000000  0.000000  

F_state #16: 
0.000000  0.000000  0.000000  0.000000  0.000000  0.000000  
0.000000  0.000000  0.000000  0.000000  0.000000  0.000000  
0.000000  0.000000  0.000000  0.000000  0.000000  0.000000  
0.000000  0.000000  0.000000  0.000000  0.000000  0.000000  
0.000000  0.000000  0.000000  0.000000  0.000000  0.000000  
0.000000  0.000000  0.000000  0.000000  0.000000  0.000000  

F_input #16: 
0.000000  0.000000  0.000000  0.000000  0.000000  0.000000  
0.000000  0.000000  0.000000  0.000000  0.000000  0.000000  
0.000000  0.000000  0.000000  0.000000  0.000000  0.000000  

F_lambda #17: 
0.000000  0.000000  0.000000  0.000000  0.000000  0.000000  
0.000000  0.000000  0.000000  0.000000  0.000000  0.000000  
0.000000  0.000000  0.000000  0.000000  0.000000  0.000000  
0.000000  0.000000  0.000000  0.000000  0.000000  0.000000  
0.000000  0.000000  0.000000  0.000000  0.000000  0.000000  
0.000000  0.000000  0.000000  0.000000  0.000000  0.000000  

F_state #17: 
0.000000  0.000000  0.000000  0.000000  0.000000  0.000000  
0.000000  0.000000  0.000000  0.000000  0.000000  0.000000  
0.000000  0.000000  0.000000  0.000000  0.000000  0.000000  
0.000000  0.000000  0.000000  0.000000  0.000000  0.000000  
0.000000  0.000000  0.000000  0.000000  0.000000  0.000000  
0.000000  0.000000  0.000000  0.000000  0.000000  0.000000  

F_input #17: 
0.000000  0.000000  0.000000  0.000000  0.000000  0.000000  
0.000000  0.000000  0.000000  0.000000  0.000000  0.000000  
0.000000  0.000000  0.000000  0.000000  0.000000  0.000000  

F_lambda #18: 
0.000000  0.000000  0.000000  0.000000  0.000000  0.000000  
0.000000  0.000000  0.000000  0.000000  0.000000  0.000000  
0.000000  0.000000  0.000000  0.000000  0.000000  0.000000  
0.000000  0.000000  0.000000  0.000000  0.000000  0.000000  
0.000000  0.000000  0.000000  0.000000  0.000000  0.000000  
0.000000  0.000000  0.000000  0.000000  0.000000  0.000000  

F_state #18: 
0.000000  0.000000  0.000000  0.000000  0.000000  0.000000  
0.000000  0.000000  0.000000  0.000000  0.000000  0.000000  
0.000000  0.000000  0.000000  0.000000  0.000000  0.000000  
0.000000  0.000000  0.000000  0.000000  0.000000  0.000000  
0.000000  0.000000  0.000000  0.000000  0.000000  0.000000  
0.000000  0.000000  0.000000  0.000000  0.000000  0.000000  

F_input #18: 
0.000000  0.000000  0.000000  0.000000  0.000000  0.000000  
0.000000  0.000000  0.000000  0.000000  0.000000  0.000000  
0.000000  0.000000  0.000000  0.000000  0.000000  0.000000  

F_lambda #19: 
-1.000000  0.000000  0.000000  0.000000  0.000000  0.000000  
0.000000  -1.000000  0.000000  0.000000  0.000000  0.000000  
0.000000  0.000000  -1.000000  0.000000  0.000000  0.000000  
-0.100000  0.000000  0.000000  -1.000000  0.000000  0.000000  
0.000000  -0.100000  0.000000  0.000000  -1.000000  0.000000  
0.000000  0.000000  -0.100000  0.000000  0.000000  -1.000000  

F_state #19: 
1.000000  0.000000  0.000000  0.000000  0.000000  0.000000  
0.000000  1.000000  0.000000  0.000000  0.000000  0.000000  
0.000000  0.000000  1.000000  0.000000  0.000000  0.000000  
0.100000  0.000000  0.000000  1.000000  0.000000  0.000000  
0.000000  0.100000  0.000000  0.000000  1.000000  0.000000  
0.000000  0.000000  0.100000  0.000000  0.000000  1.000000  

F_input #19: 
0.500000  0.000000  0.000000  10.000000  0.000000  0.000000  
0.000000  0.500000  0.000000  0.000000  10.000000  0.000000  
0.000000  0.000000  0.500000  0.000000  0.000000  10.000000  

F_lambda #20: 
2.012500  0.000000  0.000000  0.150000  0.000000  0.000000  
0.000000  2.012500  0.000000  0.000000  0.150000  0.000000  
0.000000  0.000000  2.012500  0.000000  0.000000  0.150000  
0.150000  0.000000  0.000000  3.000000  0.000000  0.000000  
0.000000  0.150000  0.000000  0.000000  3.000000  0.000000  
0.000000  0.000000  0.150000  0.000000  0.000000  3.000000  

F_state #20: 
-1.000000  0.000000  0.000000  0.000000  0.000000  0.000000  
0.000000  -1.000000  0.000000  0.000000  0.000000  0.000000  
0.000000  0.000000  -1.000000  0.000000  0.000000  0.000000  
0.000000  0.000000  0.000000  -1.000000  0.000000  0.000000  
0.000000  0.000000  0.000000  0.000000  -1.000000  0.000000  
0.000000  0.000000  0.000000  0.000000  0.000000  -1.000000  

F_input #20: 
0.000000  0.000000  0.000000  0.000000  0.000000  0.000000  
0.000000  0.000000  0.000000  0.000000  0.000000  0.000000  
0.000000  0.000000  0.000000  0.000000  0.000000  0.000000  

F_lambda #21: 
-1.000000  0.000000  0.000000  -0.100000  0.000000  0.000000  
0.000000  -1.000000  0.000000  0.000000  -0.100000  0.000000  
0.000000  0.000000  -1.000000  0.000000  0.000000  -0.100000  
0.000000  0.000000  0.000000  -1.000000  0.000000  0.000000  
0.000000  0.000000  0.000000  0.000000  -1.000000  0.000000  
0.000000  0.000000  0.000000  0.000000  0.000000  -1.000000  

F_state #21: 
0.000000  0.000000  0.000000  0.000000  0.000000  0.000000  
0.000000  0.000000  0.000000  0.000000  0.000000  0.000000  
0.000000  0.000000  0.000000  0.000000  0.000000  0.000000  
0.000000  0.000000  0.000000  0.000000  0.000000  0.000000  
0.000000  0.000000  0.000000  0.000000  0.000000  0.000000  
0.000000  0.000000  0.000000  0.000000  0.000000  0.000000  

F_input #21: 
0.000000  0.000000  0.000000  0.000000  0.000000  0.000000  
0.000000  0.000000  0.000000  0.000000  0.000000  0.000000  
0.000000  0.000000  0.000000  0.000000  0.000000  0.000000  

F_lambda #22: 
0.000000  0.000000  0.000000  0.000000  0.000000  0.000000  
0.000000  0.000000  0.000000  0.000000  0.000000  0.000000  
0.000000  0.000000  0.000000  0.000000  0.000000  0.000000  
0.000000  0.000000  0.000000  0.000000  0.000000  0.000000  
0.000000  0.000000  0.000000  0.000000  0.000000  0.000000  
0.000000  0.000000  0.000000  0.000000  0.000000  0.000000  

F_state #22: 
0.000000  0.000000  0.000000  0.000000  0.000000  0.000000  
0.000000  0.000000  0.000000  0.000000  0.000000  0.000000  
0.000000  0.000000  0.000000  0.000000  0.000000  0.000000  
0.000000  0.000000  0.000000  0.000000  0.000000  0.000000  
0.000000  0.000000  0.000000  0.000000  0.000000  0.000000  
0.000000  0.000000  0.000000  0.000000  0.000000  0.000000  

F_input #22: 
0.000000  0.000000  0.000000  0.000000  0.000000  0.000000  
0.000000  0.000000  0.000000  0.000000  0.000000  0.000000  
0.000000  0.000000  0.000000  0.000000  0.000000  0.000000  

F_lambda #23: 
0.000000  0.000000  0.000000  0.000000  0.000000  0.000000  
0.000000  0.000000  0.000000  0.000000  0.000000  0.000000  
0.000000  0.000000  0.000000  0.000000  0.000000  0.000000  
0.000000  0.000000  0.000000  0.000000  0.000000  0.000000  
0.000000  0.000000  0.000000  0.000000  0.000000  0.000000  
0.000000  0.000000  0.000000  0.000000  0.000000  0.000000  

F_state #23: 
0.000000  0.000000  0.000000  0.000000  0.000000  0.000000  
0.000000  0.000000  0.000000  0.000000  0.000000  0.000000  
0.000000  0.000000  0.000000  0.000000  0.000000  0.000000  
0.000000  0.000000  0.000000  0.000000  0.000000  0.000000  
0.000000  0.000000  0.000000  0.000000  0.000000  0.000000  
0.000000  0.000000  0.000000  0.000000  0.000000  0.000000  

F_input #23: 
0.000000  0.000000  0.000000  0.000000  0.000000  0.000000  
0.000000  0.000000  0.000000  0.000000  0.000000  0.000000  
0.000000  0.000000  0.000000  0.000000  0.000000  0.000000  

d0: 
-1.000000  -2.200000  1.600000  -1.600000  4.200000  -1.000000  

q0: 
1.000000  -1.000000  2.000000  -2.000000  3.000000  -3.000000  

r0: 
100.000000  0.000000  -100.000000  

d1: 
-1.500000  -1.500000  -1.500000  -1.500000  -1.500000  -1.500000  

q1: 
4.000000  2.400000  0.800000  -0.800000  -2.400000  -4.000000  

r1: 
200.000000  0.000000  -200.000000  

d2: 
-3.000000  -3.000000  -3.000000  -3.000000  -3.000000  -3.000000  

q2: 
6.000000  3.600000  1.200000  -1.200000  -3.600000  -6.000000  

r2: 
300.000000  0.000000  -300.000000  

d3: 
-4.500000  -4.500000  -4.500000  -4.500000  -4.500000  -4.500000  

q3: 
8.000000  4.800000  1.600000  -1.600000  -4.800000  -8.000000  

r3: 
400.000000  0.000000  -400.000000  

d4: 
-6.000000  -6.000000  -6.000000  -6.000000  -6.000000  -6.000000  

q4: 
10.000000  6.000000  2.000000  -2.000000  -6.000000  -10.000000  

r4: 
500.000000  0.000000  -500.000000  

d5: 
-7.500000  -7.500000  -7.500000  -7.500000  -7.500000  -7.500000  

q5: 
12.000000  7.200000  2.400000  -2.400000  -7.200000  -12.000000  

r5: 
600.000000  0.000000  -600.000000  

d6: 
-9.000000  -9.000000  -9.000000  -9.000000  -9.000000  -9.000000  

q6: 
14.000000  8.400000  2.800000  -2.800000  -8.400000  -14.000000  

r6: 
700.000000  0.000000  -700.000000  

d7: 
-10.500000  -10.500000  -10.500000  -10.500000  -10.500000  -10.500000  

q7: 
16.000000  9.599999  3.200000  -3.200000  -9.599999  -16.000000  

r7: 
-0.000000  -0.000000  -0.000000  
CHECK FINAL RESULTS
-2.176065  
-2.200000  
3.510420  
-1.600000  
5.785753  
-1.000000  
1.000000  
-1.000000  
2.000000  
-2.000000  
3.000000  
-3.000000  
104.188408  
0.000000  
-96.968300  
-1.176065  
-2.322010  
1.910420  
-0.733973  
1.743703  
-0.784549  
4.000000  
1.563019  
0.800000  
-0.786101  
-2.400000  
-4.012832  
200.000000  
0.129477  
-200.000000  
-0.622672  
-0.742514  
-0.801844  
-0.311669  
0.024178  
-0.305674  
9.877328  
3.600000  
4.898156  
-1.200000  
0.630178  
-6.000000  
-46.749969  
0.000000  
-62.750000  
-4.500000  
0.648225  
-4.500000  
34.113125  
-4.500000  
-24.444260  
8.000000  
9.291677  
1.600000  
33.775204  
-4.800000  
-30.861414  
400.000000  
-8.649869  
-400.000000  
2.852318  
-1.551678  
0.397008  
-0.760437  
0.942571  
-0.678287  
10.859541  
6.000000  
1.443820  
-2.000000  
-5.893362  
-10.000000  
507.982910  
0.000000  
-491.845123  
1.992778  
1.765661  
0.953188  
65.943710  
1.028778  
-52.304585  
12.000000  
0.120000  
2.400000  
-70.900002  
-7.200000  
37.900002  
600.000000  
87.424232  
-600.000000  
-9.000000  
5.151541  
-9.000000  
68.502075  
-9.000000  
-49.863148  
15.500000  
8.400000  
4.300000  
-2.800000  
-7.745999  
-14.000000  
-103.749939  
0.000000  
-119.750000  
-10.500000  
12.711540  
-10.500000  
149.402069  
-10.500000  
-107.363144  
16.000000  
10.445999  
3.200000  
4.889999  
-9.599999  
-21.750000  
-0.000000  
-0.000000  
-0.000000  
BYE!
Solve Time:  215.5 ms 
