Run Test
Allocated memory
Launched Kernel
done with solveLeaf
done with innerproducts level 0
done with chol_fact level 0
done with solve_chol level 0
done with update_shur level 0
CHECKING DATA AFTER Update Schur
d0: 
-1.000000  -2.200000  1.600000  -1.600000  4.200000  -1.000000  

q0: 
1.000000  -1.000000  2.000000  -2.000000  3.000000  -3.000000  

r0: 
100.000000  0.000000  -100.000000  

d1: 
-1.500000  -1.500000  -1.500000  -1.500000  -1.500000  -1.500000  

q1: 
4.000000  2.400000  0.800000  -0.800000  -2.400000  -4.000000  

r1: 
200.000000  0.000000  -200.000000  

d2: 
-3.000000  -3.000000  -3.000000  -3.000000  -3.000000  -3.000000  

q2: 
6.000000  3.600000  1.200000  -1.200000  -3.600000  -6.000000  

r2: 
300.000000  0.000000  -300.000000  

d3: 
-4.500000  -4.500000  -4.500000  -4.500000  -4.500000  -4.500000  

q3: 
8.000000  4.800000  1.600000  -1.600000  -4.800000  -8.000000  

r3: 
400.000000  0.000000  -400.000000  

d4: 
-6.000000  -6.000000  -6.000000  -6.000000  -6.000000  -6.000000  

q4: 
10.000000  6.000000  2.000000  -2.000000  -6.000000  -10.000000  

r4: 
500.000000  0.000000  -500.000000  

d5: 
-7.500000  -7.500000  -7.500000  -7.500000  -7.500000  -7.500000  

q5: 
12.000000  7.200000  2.400000  -2.400000  -7.200000  -12.000000  

r5: 
600.000000  0.000000  -600.000000  

d6: 
-9.000000  -9.000000  -9.000000  -9.000000  -9.000000  -9.000000  

q6: 
14.000000  8.400000  2.800000  -2.800000  -8.400000  -14.000000  

r6: 
700.000000  0.000000  -700.000000  

d7: 
-10.500000  -10.500000  -10.500000  -10.500000  -10.500000  -10.500000  

q7: 
16.000000  9.599999  3.200000  -3.200000  -9.599999  -16.000000  

r7: 
-0.000000  -0.000000  -0.000000  

LEVEL 0

F_lambda #0: 
-1.000000  -0.000000  -0.000000  -0.000000  -0.000000  -0.000000  
-0.000000  -1.000000  -0.000000  -0.000000  -0.000000  -0.000000  
-0.000000  -0.000000  -1.000000  -0.000000  -0.000000  -0.000000  
-0.100000  -0.000000  -0.000000  -1.000000  -0.000000  -0.000000  
-0.000000  -0.100000  -0.000000  -0.000000  -1.000000  -0.000000  
-0.000000  -0.000000  -0.100000  -0.000000  -0.000000  -1.000000  

F_state #0: 
0.000000  0.000000  0.000000  0.000000  0.000000  0.000000  
0.000000  0.000000  0.000000  0.000000  0.000000  0.000000  
0.000000  0.000000  0.000000  0.000000  0.000000  0.000000  
0.000000  0.000000  0.000000  0.000000  0.000000  0.000000  
0.000000  0.000000  0.000000  0.000000  0.000000  0.000000  
0.000000  0.000000  0.000000  0.000000  0.000000  0.000000  

F_input #0: 
0.500000  0.000000  0.000000  10.000000  0.000000  0.000000  
0.000000  0.500000  0.000000  0.000000  10.000000  0.000000  
0.000000  0.000000  0.500000  0.000000  0.000000  10.000000  

F_lambda #1: 
1.001249  0.000000  0.000000  0.050000  0.000000  0.000000  
0.000000  1.001249  0.000000  0.000000  0.050000  0.000000  
0.000000  0.000000  1.001249  0.000000  0.000000  0.050000  
0.049938  0.000000  0.000000  1.413332  0.000000  0.000000  
0.000000  0.049938  0.000000  0.000000  1.413332  0.000000  
0.000000  0.000000  0.049938  0.000000  0.000000  1.413332  

F_state #1: 
-1.000000  0.000000  0.000000  0.000000  0.000000  0.000000  
0.000000  -1.000000  0.000000  0.000000  0.000000  0.000000  
0.000000  0.000000  -1.000000  0.000000  0.000000  0.000000  
0.000000  0.000000  0.000000  -1.000000  0.000000  0.000000  
0.000000  0.000000  0.000000  0.000000  -1.000000  0.000000  
0.000000  0.000000  0.000000  0.000000  0.000000  -1.000000  

F_input #1: 
0.000000  0.000000  0.000000  0.000000  0.000000  0.000000  
0.000000  0.000000  0.000000  0.000000  0.000000  0.000000  
0.000000  0.000000  0.000000  0.000000  0.000000  0.000000  

F_lambda #2: 
0.000000  0.000000  0.000000  0.000000  0.000000  0.000000  
0.000000  0.000000  0.000000  0.000000  0.000000  0.000000  
0.000000  0.000000  0.000000  0.000000  0.000000  0.000000  
0.000000  0.000000  0.000000  0.000000  0.000000  0.000000  
0.000000  0.000000  0.000000  0.000000  0.000000  0.000000  
0.000000  0.000000  0.000000  0.000000  0.000000  0.000000  

F_state #2: 
1.000000  0.000000  0.000000  0.000000  0.000000  0.000000  
0.000000  1.000000  0.000000  0.000000  0.000000  0.000000  
0.000000  0.000000  1.000000  0.000000  0.000000  0.000000  
0.100000  0.000000  0.000000  1.000000  0.000000  0.000000  
0.000000  0.100000  0.000000  0.000000  1.000000  0.000000  
0.000000  0.000000  0.100000  0.000000  0.000000  1.000000  

F_input #2: 
0.500000  0.000000  0.000000  10.000000  0.000000  0.000000  
0.000000  0.500000  0.000000  0.000000  10.000000  0.000000  
0.000000  0.000000  0.500000  0.000000  0.000000  10.000000  

F_lambda #3: 
1.418626  0.000000  0.000000  0.150000  0.000000  0.000000  
0.000000  1.418626  0.000000  0.000000  0.150000  0.000000  
0.000000  0.000000  1.418626  0.000000  0.000000  0.150000  
0.105736  0.000000  0.000000  1.728820  0.000000  0.000000  
0.000000  0.105736  0.000000  0.000000  1.728820  0.000000  
0.000000  0.000000  0.105736  0.000000  0.000000  1.728820  

F_state #3: 
-1.000000  0.000000  0.000000  0.000000  0.000000  0.000000  
0.000000  -1.000000  0.000000  0.000000  0.000000  0.000000  
0.000000  0.000000  -1.000000  0.000000  0.000000  0.000000  
0.000000  0.000000  0.000000  -1.000000  0.000000  0.000000  
0.000000  0.000000  0.000000  0.000000  -1.000000  0.000000  
0.000000  0.000000  0.000000  0.000000  0.000000  -1.000000  

F_input #3: 
0.000000  0.000000  0.000000  0.000000  0.000000  0.000000  
0.000000  0.000000  0.000000  0.000000  0.000000  0.000000  
0.000000  0.000000  0.000000  0.000000  0.000000  0.000000  

F_lambda #4: 
0.000000  0.000000  0.000000  0.000000  0.000000  0.000000  
0.000000  0.000000  0.000000  0.000000  0.000000  0.000000  
0.000000  0.000000  0.000000  0.000000  0.000000  0.000000  
0.000000  0.000000  0.000000  0.000000  0.000000  0.000000  
0.000000  0.000000  0.000000  0.000000  0.000000  0.000000  
0.000000  0.000000  0.000000  0.000000  0.000000  0.000000  

F_state #4: 
1.000000  0.000000  0.000000  0.000000  0.000000  0.000000  
0.000000  1.000000  0.000000  0.000000  0.000000  0.000000  
0.000000  0.000000  1.000000  0.000000  0.000000  0.000000  
0.100000  0.000000  0.000000  1.000000  0.000000  0.000000  
0.000000  0.100000  0.000000  0.000000  1.000000  0.000000  
0.000000  0.000000  0.100000  0.000000  0.000000  1.000000  

F_input #4: 
0.500000  0.000000  0.000000  10.000000  0.000000  0.000000  
0.000000  0.500000  0.000000  0.000000  10.000000  0.000000  
0.000000  0.000000  0.500000  0.000000  0.000000  10.000000  

F_lambda #5: 
1.418626  0.000000  0.000000  0.150000  0.000000  0.000000  
0.000000  1.418626  0.000000  0.000000  0.150000  0.000000  
0.000000  0.000000  1.418626  0.000000  0.000000  0.150000  
0.105736  0.000000  0.000000  1.728820  0.000000  0.000000  
0.000000  0.105736  0.000000  0.000000  1.728820  0.000000  
0.000000  0.000000  0.105736  0.000000  0.000000  1.728820  

F_state #5: 
-1.000000  0.000000  0.000000  0.000000  0.000000  0.000000  
0.000000  -1.000000  0.000000  0.000000  0.000000  0.000000  
0.000000  0.000000  -1.000000  0.000000  0.000000  0.000000  
0.000000  0.000000  0.000000  -1.000000  0.000000  0.000000  
0.000000  0.000000  0.000000  0.000000  -1.000000  0.000000  
0.000000  0.000000  0.000000  0.000000  0.000000  -1.000000  

F_input #5: 
0.000000  0.000000  0.000000  0.000000  0.000000  0.000000  
0.000000  0.000000  0.000000  0.000000  0.000000  0.000000  
0.000000  0.000000  0.000000  0.000000  0.000000  0.000000  

F_lambda #6: 
0.000000  0.000000  0.000000  0.000000  0.000000  0.000000  
0.000000  0.000000  0.000000  0.000000  0.000000  0.000000  
0.000000  0.000000  0.000000  0.000000  0.000000  0.000000  
0.000000  0.000000  0.000000  0.000000  0.000000  0.000000  
0.000000  0.000000  0.000000  0.000000  0.000000  0.000000  
0.000000  0.000000  0.000000  0.000000  0.000000  0.000000  

F_state #6: 
1.000000  0.000000  0.000000  0.000000  0.000000  0.000000  
0.000000  1.000000  0.000000  0.000000  0.000000  0.000000  
0.000000  0.000000  1.000000  0.000000  0.000000  0.000000  
0.100000  0.000000  0.000000  1.000000  0.000000  0.000000  
0.000000  0.100000  0.000000  0.000000  1.000000  0.000000  
0.000000  0.000000  0.100000  0.000000  0.000000  1.000000  

F_input #6: 
0.500000  0.000000  0.000000  10.000000  0.000000  0.000000  
0.000000  0.500000  0.000000  0.000000  10.000000  0.000000  
0.000000  0.000000  0.500000  0.000000  0.000000  10.000000  

F_lambda #7: 
1.054751  0.000000  0.000000  0.150000  0.000000  0.000000  
0.000000  1.054751  0.000000  0.000000  0.150000  0.000000  
0.000000  0.000000  1.054751  0.000000  0.000000  0.150000  
0.142214  0.000000  0.000000  1.442142  0.000000  0.000000  
0.000000  0.142214  0.000000  0.000000  1.442142  0.000000  
0.000000  0.000000  0.142214  0.000000  0.000000  1.442142  

F_state #7: 
-0.100000  0.000000  0.000000  0.000000  0.000000  0.000000  
0.000000  -0.100000  0.000000  0.000000  0.000000  0.000000  
0.000000  0.000000  -0.100000  0.000000  0.000000  0.000000  
0.000000  0.000000  0.000000  -0.100000  0.000000  0.000000  
0.000000  0.000000  0.000000  0.000000  -0.100000  0.000000  
0.000000  0.000000  0.000000  0.000000  0.000000  -0.100000  

F_input #7: 
0.000000  0.000000  0.000000  0.000000  0.000000  0.000000  
0.000000  0.000000  0.000000  0.000000  0.000000  0.000000  
0.000000  0.000000  0.000000  0.000000  0.000000  0.000000  

LEVEL 1

F_lambda #8: 
-0.996253  0.000000  0.000000  0.000000  0.000000  0.000000  
0.000000  0.000000  0.000000  0.000000  0.000000  0.000000  
0.000000  0.000000  0.000000  0.000000  0.000000  0.000000  
-0.124719  0.000000  0.000000  0.000000  0.000000  0.000000  
0.000000  0.000000  0.000000  0.000000  0.000000  0.000000  
0.000000  0.000000  0.000000  0.000000  0.000000  0.000000  

F_state #8: 
0.000000  0.000000  0.000000  0.000000  0.000000  0.000000  
0.000000  0.000000  0.000000  0.000000  0.000000  0.000000  
0.000000  0.000000  0.000000  0.000000  0.000000  0.000000  
0.000000  0.000000  0.000000  0.000000  0.000000  0.000000  
0.000000  0.000000  0.000000  0.000000  0.000000  0.000000  
0.000000  0.000000  0.000000  0.000000  0.000000  0.000000  

F_input #8: 
0.749063  0.000000  0.000000  0.000000  0.000000  0.000000  
0.000000  0.000000  0.000000  0.000000  0.000000  0.000000  
0.000000  0.000000  0.000000  0.000000  0.000000  0.000000  

F_lambda #9: 
-0.996253  0.000000  0.000000  0.000000  0.000000  0.000000  
0.000000  -0.996253  0.000000  0.000000  0.000000  0.000000  
0.000000  0.000000  -0.996253  0.000000  0.000000  0.000000  
-0.025094  0.000000  0.000000  -1.000000  0.000000  0.000000  
0.000000  -0.025094  0.000000  0.000000  -1.000000  0.000000  
0.000000  0.000000  -0.025094  0.000000  0.000000  -1.000000  

F_state #9: 
0.003747  0.000000  0.000000  0.000000  0.000000  0.000000  
0.000000  1.000000  0.000000  0.000000  0.000000  0.000000  
0.000000  0.000000  1.000000  0.000000  0.000000  0.000000  
0.074906  0.000000  0.000000  1.000000  0.000000  0.000000  
0.000000  0.100000  0.000000  0.000000  1.000000  0.000000  
0.000000  0.000000  0.100000  0.000000  0.000000  1.000000  

F_input #9: 
0.500000  0.000000  0.000000  10.000000  0.000000  0.000000  
0.000000  0.500000  0.000000  0.000000  10.000000  0.000000  
0.000000  0.000000  0.500000  0.000000  0.000000  10.000000  

F_lambda #10: 
0.000000  0.000000  0.000000  0.000000  0.000000  0.000000  
0.000000  0.000000  0.000000  0.000000  0.000000  0.000000  
0.000000  0.000000  0.000000  0.000000  0.000000  0.000000  
0.000000  0.000000  0.000000  0.000000  0.000000  0.000000  
0.000000  0.000000  0.000000  0.000000  0.000000  0.000000  
0.000000  0.000000  0.000000  0.000000  0.000000  0.000000  

F_state #10: 
-0.500469  0.000000  0.000000  0.000000  0.000000  0.000000  
0.000000  -1.000000  0.000000  0.000000  0.000000  0.000000  
0.000000  0.000000  -1.000000  0.000000  0.000000  0.000000  
0.025015  0.000000  0.000000  -1.000000  0.000000  0.000000  
0.000000  0.000000  0.000000  0.000000  -1.000000  0.000000  
0.000000  0.000000  0.000000  0.000000  0.000000  -1.000000  

F_input #10: 
0.000389  0.000000  0.000000  0.000000  0.000000  0.000000  
0.000000  0.000000  0.000000  0.000000  0.000000  0.000000  
0.000000  0.000000  0.000000  0.000000  0.000000  0.000000  

F_lambda #11: 
-0.499531  0.000000  0.000000  -0.100000  0.000000  0.000000  
0.000000  -0.499531  0.000000  0.000000  -0.100000  0.000000  
0.000000  0.000000  -0.499531  0.000000  0.000000  -0.100000  
0.024938  0.000000  0.000000  -1.000000  0.000000  0.000000  
0.000000  0.024938  0.000000  0.000000  -1.000000  0.000000  
0.000000  0.000000  0.024938  0.000000  0.000000  -1.000000  

F_state #11: 
-0.499531  0.000000  0.000000  0.000000  0.000000  0.000000  
0.000000  0.000000  0.000000  0.000000  0.000000  0.000000  
0.000000  0.000000  0.000000  0.000000  0.000000  0.000000  
0.024938  0.000000  0.000000  0.000000  0.000000  0.000000  
0.000000  0.000000  0.000000  0.000000  0.000000  0.000000  
0.000000  0.000000  0.000000  0.000000  0.000000  0.000000  

F_input #11: 
0.000000  0.000000  0.000000  0.000000  0.000000  0.000000  
0.000000  0.000000  0.000000  0.000000  0.000000  0.000000  
0.000000  0.000000  0.000000  0.000000  0.000000  0.000000  

F_lambda #12: 
0.000000  0.000000  0.000000  0.000000  0.000000  0.000000  
0.000000  0.000000  0.000000  0.000000  0.000000  0.000000  
0.000000  0.000000  0.000000  0.000000  0.000000  0.000000  
0.000000  0.000000  0.000000  0.000000  0.000000  0.000000  
0.000000  0.000000  0.000000  0.000000  0.000000  0.000000  
0.000000  0.000000  0.000000  0.000000  0.000000  0.000000  

F_state #12: 
0.495994  0.000000  0.000000  0.000000  0.000000  0.000000  
0.000000  0.000000  0.000000  0.000000  0.000000  0.000000  
0.000000  0.000000  0.000000  0.000000  0.000000  0.000000  
0.058120  0.000000  0.000000  0.000000  0.000000  0.000000  
0.000000  0.000000  0.000000  0.000000  0.000000  0.000000  
0.000000  0.000000  0.000000  0.000000  0.000000  0.000000  

F_input #12: 
0.333200  0.000000  0.000000  0.000000  0.000000  0.000000  
0.000000  0.000000  0.000000  0.000000  0.000000  0.000000  
0.000000  0.000000  0.000000  0.000000  0.000000  0.000000  

F_lambda #13: 
-0.495994  0.000000  0.000000  0.000000  0.000000  0.000000  
0.000000  -0.495994  0.000000  0.000000  0.000000  0.000000  
0.000000  0.000000  -0.495994  0.000000  0.000000  0.000000  
-0.008520  0.000000  0.000000  -1.000000  0.000000  0.000000  
0.000000  -0.008520  0.000000  0.000000  -1.000000  0.000000  
0.000000  0.000000  -0.008520  0.000000  0.000000  -1.000000  

F_state #13: 
0.504006  0.000000  0.000000  0.000000  0.000000  0.000000  
0.000000  1.000000  0.000000  0.000000  0.000000  0.000000  
0.000000  0.000000  1.000000  0.000000  0.000000  0.000000  
0.091480  0.000000  0.000000  1.000000  0.000000  0.000000  
0.000000  0.100000  0.000000  0.000000  1.000000  0.000000  
0.000000  0.000000  0.100000  0.000000  0.000000  1.000000  

F_input #13: 
0.500000  0.000000  0.000000  10.000000  0.000000  0.000000  
0.000000  0.500000  0.000000  0.000000  10.000000  0.000000  
0.000000  0.000000  0.500000  0.000000  0.000000  10.000000  

F_lambda #14: 
0.000000  0.000000  0.000000  0.000000  0.000000  0.000000  
0.000000  0.000000  0.000000  0.000000  0.000000  0.000000  
0.000000  0.000000  0.000000  0.000000  0.000000  0.000000  
0.000000  0.000000  0.000000  0.000000  0.000000  0.000000  
0.000000  0.000000  0.000000  0.000000  0.000000  0.000000  
0.000000  0.000000  0.000000  0.000000  0.000000  0.000000  

F_state #14: 
-0.091904  0.000000  0.000000  0.000000  0.000000  0.000000  
0.000000  -1.000000  0.000000  0.000000  0.000000  0.000000  
0.000000  0.000000  -1.000000  0.000000  0.000000  0.000000  
0.025980  0.000000  0.000000  -1.000000  0.000000  0.000000  
0.000000  0.000000  0.000000  0.000000  -1.000000  0.000000  
0.000000  0.000000  0.000000  0.000000  0.000000  -1.000000  

F_input #14: 
-0.194250  0.000000  0.000000  0.000000  0.000000  0.000000  
0.000000  0.000000  0.000000  0.000000  0.000000  0.000000  
0.000000  0.000000  0.000000  0.000000  0.000000  0.000000  

F_lambda #15: 
-0.908096  0.000000  0.000000  -0.100000  0.000000  0.000000  
0.000000  -0.908096  0.000000  0.000000  -0.100000  0.000000  
0.000000  0.000000  -0.908096  0.000000  0.000000  -0.100000  
0.064830  0.000000  0.000000  -1.000000  0.000000  0.000000  
0.000000  0.064830  0.000000  0.000000  -1.000000  0.000000  
0.000000  0.000000  0.064830  0.000000  0.000000  -1.000000  

F_state #15: 
-0.090810  0.000000  0.000000  0.000000  0.000000  0.000000  
0.000000  0.000000  0.000000  0.000000  0.000000  0.000000  
0.000000  0.000000  0.000000  0.000000  0.000000  0.000000  
0.006483  0.000000  0.000000  0.000000  0.000000  0.000000  
0.000000  0.000000  0.000000  0.000000  0.000000  0.000000  
0.000000  0.000000  0.000000  0.000000  0.000000  0.000000  

F_input #15: 
0.000000  0.000000  0.000000  0.000000  0.000000  0.000000  
0.000000  0.000000  0.000000  0.000000  0.000000  0.000000  
0.000000  0.000000  0.000000  0.000000  0.000000  0.000000  

LEVEL 2

F_lambda #16: 
0.000000  0.000000  0.000000  0.000000  0.000000  0.000000  
0.000000  0.000000  0.000000  0.000000  0.000000  0.000000  
0.000000  0.000000  0.000000  0.000000  0.000000  0.000000  
0.000000  0.000000  0.000000  0.000000  0.000000  0.000000  
0.000000  0.000000  0.000000  0.000000  0.000000  0.000000  
0.000000  0.000000  0.000000  0.000000  0.000000  0.000000  

F_state #16: 
0.000000  0.000000  0.000000  0.000000  0.000000  0.000000  
0.000000  0.000000  0.000000  0.000000  0.000000  0.000000  
0.000000  0.000000  0.000000  0.000000  0.000000  0.000000  
0.000000  0.000000  0.000000  0.000000  0.000000  0.000000  
0.000000  0.000000  0.000000  0.000000  0.000000  0.000000  
0.000000  0.000000  0.000000  0.000000  0.000000  0.000000  

F_input #16: 
0.000000  0.000000  0.000000  0.000000  0.000000  0.000000  
0.000000  0.000000  0.000000  0.000000  0.000000  0.000000  
0.000000  0.000000  0.000000  0.000000  0.000000  0.000000  

F_lambda #17: 
0.000000  0.000000  0.000000  0.000000  0.000000  0.000000  
0.000000  0.000000  0.000000  0.000000  0.000000  0.000000  
0.000000  0.000000  0.000000  0.000000  0.000000  0.000000  
0.000000  0.000000  0.000000  0.000000  0.000000  0.000000  
0.000000  0.000000  0.000000  0.000000  0.000000  0.000000  
0.000000  0.000000  0.000000  0.000000  0.000000  0.000000  

F_state #17: 
0.000000  0.000000  0.000000  0.000000  0.000000  0.000000  
0.000000  0.000000  0.000000  0.000000  0.000000  0.000000  
0.000000  0.000000  0.000000  0.000000  0.000000  0.000000  
0.000000  0.000000  0.000000  0.000000  0.000000  0.000000  
0.000000  0.000000  0.000000  0.000000  0.000000  0.000000  
0.000000  0.000000  0.000000  0.000000  0.000000  0.000000  

F_input #17: 
0.000000  0.000000  0.000000  0.000000  0.000000  0.000000  
0.000000  0.000000  0.000000  0.000000  0.000000  0.000000  
0.000000  0.000000  0.000000  0.000000  0.000000  0.000000  

F_lambda #18: 
0.000000  0.000000  0.000000  0.000000  0.000000  0.000000  
0.000000  0.000000  0.000000  0.000000  0.000000  0.000000  
0.000000  0.000000  0.000000  0.000000  0.000000  0.000000  
0.000000  0.000000  0.000000  0.000000  0.000000  0.000000  
0.000000  0.000000  0.000000  0.000000  0.000000  0.000000  
0.000000  0.000000  0.000000  0.000000  0.000000  0.000000  

F_state #18: 
0.495994  0.000000  0.000000  0.000000  0.000000  0.000000  
0.000000  0.000000  0.000000  0.000000  0.000000  0.000000  
0.000000  0.000000  0.000000  0.000000  0.000000  0.000000  
0.058120  0.000000  0.000000  0.000000  0.000000  0.000000  
0.000000  0.000000  0.000000  0.000000  0.000000  0.000000  
0.000000  0.000000  0.000000  0.000000  0.000000  0.000000  

F_input #18: 
0.333200  0.000000  0.000000  0.000000  0.000000  0.000000  
0.000000  0.000000  0.000000  0.000000  0.000000  0.000000  
0.000000  0.000000  0.000000  0.000000  0.000000  0.000000  

F_lambda #19: 
-0.495994  0.000000  0.000000  0.000000  0.000000  0.000000  
0.000000  -0.495994  0.000000  0.000000  0.000000  0.000000  
0.000000  0.000000  -0.495994  0.000000  0.000000  0.000000  
-0.008520  0.000000  0.000000  -1.000000  0.000000  0.000000  
0.000000  -0.008520  0.000000  0.000000  -1.000000  0.000000  
0.000000  0.000000  -0.008520  0.000000  0.000000  -1.000000  

F_state #19: 
0.504006  0.000000  0.000000  0.000000  0.000000  0.000000  
0.000000  1.000000  0.000000  0.000000  0.000000  0.000000  
0.000000  0.000000  1.000000  0.000000  0.000000  0.000000  
0.091480  0.000000  0.000000  1.000000  0.000000  0.000000  
0.000000  0.100000  0.000000  0.000000  1.000000  0.000000  
0.000000  0.000000  0.100000  0.000000  0.000000  1.000000  

F_input #19: 
0.500000  0.000000  0.000000  10.000000  0.000000  0.000000  
0.000000  0.500000  0.000000  0.000000  10.000000  0.000000  
0.000000  0.000000  0.500000  0.000000  0.000000  10.000000  

F_lambda #20: 
0.000000  0.000000  0.000000  0.000000  0.000000  0.000000  
0.000000  0.000000  0.000000  0.000000  0.000000  0.000000  
0.000000  0.000000  0.000000  0.000000  0.000000  0.000000  
0.000000  0.000000  0.000000  0.000000  0.000000  0.000000  
0.000000  0.000000  0.000000  0.000000  0.000000  0.000000  
0.000000  0.000000  0.000000  0.000000  0.000000  0.000000  

F_state #20: 
-0.500469  0.000000  0.000000  0.000000  0.000000  0.000000  
0.000000  -1.000000  0.000000  0.000000  0.000000  0.000000  
0.000000  0.000000  -1.000000  0.000000  0.000000  0.000000  
0.025015  0.000000  0.000000  -1.000000  0.000000  0.000000  
0.000000  0.000000  0.000000  0.000000  -1.000000  0.000000  
0.000000  0.000000  0.000000  0.000000  0.000000  -1.000000  

F_input #20: 
0.000389  0.000000  0.000000  0.000000  0.000000  0.000000  
0.000000  0.000000  0.000000  0.000000  0.000000  0.000000  
0.000000  0.000000  0.000000  0.000000  0.000000  0.000000  

F_lambda #21: 
-0.499531  0.000000  0.000000  -0.100000  0.000000  0.000000  
0.000000  -0.499531  0.000000  0.000000  -0.100000  0.000000  
0.000000  0.000000  -0.499531  0.000000  0.000000  -0.100000  
0.024938  0.000000  0.000000  -1.000000  0.000000  0.000000  
0.000000  0.024938  0.000000  0.000000  -1.000000  0.000000  
0.000000  0.000000  0.024938  0.000000  0.000000  -1.000000  

F_state #21: 
-0.499531  0.000000  0.000000  0.000000  0.000000  0.000000  
0.000000  0.000000  0.000000  0.000000  0.000000  0.000000  
0.000000  0.000000  0.000000  0.000000  0.000000  0.000000  
0.024938  0.000000  0.000000  0.000000  0.000000  0.000000  
0.000000  0.000000  0.000000  0.000000  0.000000  0.000000  
0.000000  0.000000  0.000000  0.000000  0.000000  0.000000  

F_input #21: 
0.000000  0.000000  0.000000  0.000000  0.000000  0.000000  
0.000000  0.000000  0.000000  0.000000  0.000000  0.000000  
0.000000  0.000000  0.000000  0.000000  0.000000  0.000000  

F_lambda #22: 
0.000000  0.000000  0.000000  0.000000  0.000000  0.000000  
0.000000  0.000000  0.000000  0.000000  0.000000  0.000000  
0.000000  0.000000  0.000000  0.000000  0.000000  0.000000  
0.000000  0.000000  0.000000  0.000000  0.000000  0.000000  
0.000000  0.000000  0.000000  0.000000  0.000000  0.000000  
0.000000  0.000000  0.000000  0.000000  0.000000  0.000000  

F_state #22: 
0.000000  0.000000  0.000000  0.000000  0.000000  0.000000  
0.000000  0.000000  0.000000  0.000000  0.000000  0.000000  
0.000000  0.000000  0.000000  0.000000  0.000000  0.000000  
0.000000  0.000000  0.000000  0.000000  0.000000  0.000000  
0.000000  0.000000  0.000000  0.000000  0.000000  0.000000  
0.000000  0.000000  0.000000  0.000000  0.000000  0.000000  

F_input #22: 
0.000000  0.000000  0.000000  0.000000  0.000000  0.000000  
0.000000  0.000000  0.000000  0.000000  0.000000  0.000000  
0.000000  0.000000  0.000000  0.000000  0.000000  0.000000  

F_lambda #23: 
0.000000  0.000000  0.000000  0.000000  0.000000  0.000000  
0.000000  0.000000  0.000000  0.000000  0.000000  0.000000  
0.000000  0.000000  0.000000  0.000000  0.000000  0.000000  
0.000000  0.000000  0.000000  0.000000  0.000000  0.000000  
0.000000  0.000000  0.000000  0.000000  0.000000  0.000000  
0.000000  0.000000  0.000000  0.000000  0.000000  0.000000  

F_state #23: 
0.000000  0.000000  0.000000  0.000000  0.000000  0.000000  
0.000000  0.000000  0.000000  0.000000  0.000000  0.000000  
0.000000  0.000000  0.000000  0.000000  0.000000  0.000000  
0.000000  0.000000  0.000000  0.000000  0.000000  0.000000  
0.000000  0.000000  0.000000  0.000000  0.000000  0.000000  
0.000000  0.000000  0.000000  0.000000  0.000000  0.000000  

F_input #23: 
0.000000  0.000000  0.000000  0.000000  0.000000  0.000000  
0.000000  0.000000  0.000000  0.000000  0.000000  0.000000  
0.000000  0.000000  0.000000  0.000000  0.000000  0.000000  
done with innerproducts level 1
done with chol_fact level 1
done with solve_chol level 1
done with update_shur level 1
CHECKING DATA AFTER Update Schur
d0: 
-1.000000  -2.200000  1.600000  -1.600000  4.200000  -1.000000  

q0: 
1.000000  -1.000000  2.000000  -2.000000  3.000000  -3.000000  

r0: 
100.000000  0.000000  -100.000000  

d1: 
-1.500000  -1.500000  -1.500000  -1.500000  -1.500000  -1.500000  

q1: 
4.000000  2.400000  0.800000  -0.800000  -2.400000  -4.000000  

r1: 
200.000000  0.000000  -200.000000  

d2: 
-3.000000  -3.000000  -3.000000  -3.000000  -3.000000  -3.000000  

q2: 
6.000000  3.600000  1.200000  -1.200000  -3.600000  -6.000000  

r2: 
300.000000  0.000000  -300.000000  

d3: 
-4.500000  -4.500000  -4.500000  -4.500000  -4.500000  -4.500000  

q3: 
8.000000  4.800000  1.600000  -1.600000  -4.800000  -8.000000  

r3: 
400.000000  0.000000  -400.000000  

d4: 
-6.000000  -6.000000  -6.000000  -6.000000  -6.000000  -6.000000  

q4: 
10.000000  6.000000  2.000000  -2.000000  -6.000000  -10.000000  

r4: 
500.000000  0.000000  -500.000000  

d5: 
-7.500000  -7.500000  -7.500000  -7.500000  -7.500000  -7.500000  

q5: 
12.000000  7.200000  2.400000  -2.400000  -7.200000  -12.000000  

r5: 
600.000000  0.000000  -600.000000  

d6: 
-9.000000  -9.000000  -9.000000  -9.000000  -9.000000  -9.000000  

q6: 
14.000000  8.400000  2.800000  -2.800000  -8.400000  -14.000000  

r6: 
700.000000  0.000000  -700.000000  

d7: 
-10.500000  -10.500000  -10.500000  -10.500000  -10.500000  -10.500000  

q7: 
16.000000  9.599999  3.200000  -3.200000  -9.599999  -16.000000  

r7: 
-0.000000  -0.000000  -0.000000  

LEVEL 0

F_lambda #0: 
-1.000000  -0.000000  -0.000000  -0.000000  -0.000000  -0.000000  
-0.000000  -1.000000  -0.000000  -0.000000  -0.000000  -0.000000  
-0.000000  -0.000000  -1.000000  -0.000000  -0.000000  -0.000000  
-0.100000  -0.000000  -0.000000  -1.000000  -0.000000  -0.000000  
-0.000000  -0.100000  -0.000000  -0.000000  -1.000000  -0.000000  
-0.000000  -0.000000  -0.100000  -0.000000  -0.000000  -1.000000  

F_state #0: 
0.000000  0.000000  0.000000  0.000000  0.000000  0.000000  
0.000000  0.000000  0.000000  0.000000  0.000000  0.000000  
0.000000  0.000000  0.000000  0.000000  0.000000  0.000000  
0.000000  0.000000  0.000000  0.000000  0.000000  0.000000  
0.000000  0.000000  0.000000  0.000000  0.000000  0.000000  
0.000000  0.000000  0.000000  0.000000  0.000000  0.000000  

F_input #0: 
0.500000  0.000000  0.000000  10.000000  0.000000  0.000000  
0.000000  0.500000  0.000000  0.000000  10.000000  0.000000  
0.000000  0.000000  0.500000  0.000000  0.000000  10.000000  

F_lambda #1: 
1.001249  0.000000  0.000000  0.050000  0.000000  0.000000  
0.000000  1.001249  0.000000  0.000000  0.050000  0.000000  
0.000000  0.000000  1.001249  0.000000  0.000000  0.050000  
0.049938  0.000000  0.000000  1.413332  0.000000  0.000000  
0.000000  0.049938  0.000000  0.000000  1.413332  0.000000  
0.000000  0.000000  0.049938  0.000000  0.000000  1.413332  

F_state #1: 
-1.000000  0.000000  0.000000  0.000000  0.000000  0.000000  
0.000000  -1.000000  0.000000  0.000000  0.000000  0.000000  
0.000000  0.000000  -1.000000  0.000000  0.000000  0.000000  
0.000000  0.000000  0.000000  -1.000000  0.000000  0.000000  
0.000000  0.000000  0.000000  0.000000  -1.000000  0.000000  
0.000000  0.000000  0.000000  0.000000  0.000000  -1.000000  

F_input #1: 
0.000000  0.000000  0.000000  0.000000  0.000000  0.000000  
0.000000  0.000000  0.000000  0.000000  0.000000  0.000000  
0.000000  0.000000  0.000000  0.000000  0.000000  0.000000  

F_lambda #2: 
0.000000  0.000000  0.000000  0.000000  0.000000  0.000000  
-nan  nan  0.000000  0.000000  0.000000  0.000000  
-nan  nan  nan  0.000000  0.000000  0.000000  
-nan  nan  nan  nan  0.000000  0.000000  
-nan  nan  nan  nan  nan  0.000000  
-nan  nan  nan  nan  nan  nan  

F_state #2: 
1.000000  0.000000  0.000000  0.000000  0.000000  0.000000  
0.000000  1.000000  0.000000  0.000000  0.000000  0.000000  
0.000000  0.000000  1.000000  0.000000  0.000000  0.000000  
0.100000  0.000000  0.000000  1.000000  0.000000  0.000000  
0.000000  0.100000  0.000000  0.000000  1.000000  0.000000  
0.000000  0.000000  0.100000  0.000000  0.000000  1.000000  

F_input #2: 
0.500000  0.000000  0.000000  10.000000  0.000000  0.000000  
0.000000  0.500000  0.000000  0.000000  10.000000  0.000000  
0.000000  0.000000  0.500000  0.000000  0.000000  10.000000  

F_lambda #3: 
1.418626  0.000000  0.000000  0.150000  0.000000  0.000000  
0.000000  1.418626  0.000000  0.000000  0.150000  0.000000  
0.000000  0.000000  1.418626  0.000000  0.000000  0.150000  
0.105736  0.000000  0.000000  1.728820  0.000000  0.000000  
0.000000  0.105736  0.000000  0.000000  1.728820  0.000000  
0.000000  0.000000  0.105736  0.000000  0.000000  1.728820  

F_state #3: 
-1.000000  0.000000  0.000000  0.000000  0.000000  0.000000  
0.000000  -1.000000  0.000000  0.000000  0.000000  0.000000  
0.000000  0.000000  -1.000000  0.000000  0.000000  0.000000  
0.000000  0.000000  0.000000  -1.000000  0.000000  0.000000  
0.000000  0.000000  0.000000  0.000000  -1.000000  0.000000  
0.000000  0.000000  0.000000  0.000000  0.000000  -1.000000  

F_input #3: 
0.000000  0.000000  0.000000  0.000000  0.000000  0.000000  
0.000000  0.000000  0.000000  0.000000  0.000000  0.000000  
0.000000  0.000000  0.000000  0.000000  0.000000  0.000000  

F_lambda #4: 
0.000000  0.000000  0.000000  0.000000  0.000000  0.000000  
0.000000  0.000000  0.000000  0.000000  0.000000  0.000000  
0.000000  0.000000  0.000000  0.000000  0.000000  0.000000  
0.000000  0.000000  0.000000  0.000000  0.000000  0.000000  
0.000000  0.000000  0.000000  0.000000  0.000000  0.000000  
0.000000  0.000000  0.000000  0.000000  0.000000  0.000000  

F_state #4: 
1.000000  0.000000  0.000000  0.000000  0.000000  0.000000  
0.000000  1.000000  0.000000  0.000000  0.000000  0.000000  
0.000000  0.000000  1.000000  0.000000  0.000000  0.000000  
0.100000  0.000000  0.000000  1.000000  0.000000  0.000000  
0.000000  0.100000  0.000000  0.000000  1.000000  0.000000  
0.000000  0.000000  0.100000  0.000000  0.000000  1.000000  

F_input #4: 
0.500000  0.000000  0.000000  10.000000  0.000000  0.000000  
0.000000  0.500000  0.000000  0.000000  10.000000  0.000000  
0.000000  0.000000  0.500000  0.000000  0.000000  10.000000  

F_lambda #5: 
1.418626  0.000000  0.000000  0.150000  0.000000  0.000000  
0.000000  1.418626  0.000000  0.000000  0.150000  0.000000  
0.000000  0.000000  1.418626  0.000000  0.000000  0.150000  
0.105736  0.000000  0.000000  1.728820  0.000000  0.000000  
0.000000  0.105736  0.000000  0.000000  1.728820  0.000000  
0.000000  0.000000  0.105736  0.000000  0.000000  1.728820  

F_state #5: 
-1.000000  0.000000  0.000000  0.000000  0.000000  0.000000  
0.000000  -1.000000  0.000000  0.000000  0.000000  0.000000  
0.000000  0.000000  -1.000000  0.000000  0.000000  0.000000  
0.000000  0.000000  0.000000  -1.000000  0.000000  0.000000  
0.000000  0.000000  0.000000  0.000000  -1.000000  0.000000  
0.000000  0.000000  0.000000  0.000000  0.000000  -1.000000  

F_input #5: 
0.000000  0.000000  0.000000  0.000000  0.000000  0.000000  
0.000000  0.000000  0.000000  0.000000  0.000000  0.000000  
0.000000  0.000000  0.000000  0.000000  0.000000  0.000000  

F_lambda #6: 
0.000000  0.000000  0.000000  0.000000  0.000000  0.000000  
-nan  nan  0.000000  0.000000  0.000000  0.000000  
-nan  nan  nan  0.000000  0.000000  0.000000  
-nan  nan  nan  nan  0.000000  0.000000  
-nan  nan  nan  nan  nan  0.000000  
-nan  nan  nan  nan  nan  nan  

F_state #6: 
1.000000  0.000000  0.000000  0.000000  0.000000  0.000000  
0.000000  1.000000  0.000000  0.000000  0.000000  0.000000  
0.000000  0.000000  1.000000  0.000000  0.000000  0.000000  
0.100000  0.000000  0.000000  1.000000  0.000000  0.000000  
0.000000  0.100000  0.000000  0.000000  1.000000  0.000000  
0.000000  0.000000  0.100000  0.000000  0.000000  1.000000  

F_input #6: 
0.500000  0.000000  0.000000  10.000000  0.000000  0.000000  
0.000000  0.500000  0.000000  0.000000  10.000000  0.000000  
0.000000  0.000000  0.500000  0.000000  0.000000  10.000000  

F_lambda #7: 
1.054751  0.000000  0.000000  0.150000  0.000000  0.000000  
0.000000  1.054751  0.000000  0.000000  0.150000  0.000000  
0.000000  0.000000  1.054751  0.000000  0.000000  0.150000  
0.142214  0.000000  0.000000  1.442142  0.000000  0.000000  
0.000000  0.142214  0.000000  0.000000  1.442142  0.000000  
0.000000  0.000000  0.142214  0.000000  0.000000  1.442142  

F_state #7: 
-0.100000  0.000000  0.000000  0.000000  0.000000  0.000000  
0.000000  -0.100000  0.000000  0.000000  0.000000  0.000000  
0.000000  0.000000  -0.100000  0.000000  0.000000  0.000000  
0.000000  0.000000  0.000000  -0.100000  0.000000  0.000000  
0.000000  0.000000  0.000000  0.000000  -0.100000  0.000000  
0.000000  0.000000  0.000000  0.000000  0.000000  -0.100000  

F_input #7: 
0.000000  0.000000  0.000000  0.000000  0.000000  0.000000  
0.000000  0.000000  0.000000  0.000000  0.000000  0.000000  
0.000000  0.000000  0.000000  0.000000  0.000000  0.000000  

LEVEL 1

F_lambda #8: 
-0.996253  0.000000  0.000000  0.000000  0.000000  0.000000  
0.000000  0.000000  0.000000  0.000000  0.000000  0.000000  
0.000000  0.000000  0.000000  0.000000  0.000000  0.000000  
-0.124719  0.000000  0.000000  0.000000  0.000000  0.000000  
0.000000  0.000000  0.000000  0.000000  0.000000  0.000000  
0.000000  0.000000  0.000000  0.000000  0.000000  0.000000  

F_state #8: 
0.000000  0.000000  0.000000  0.000000  0.000000  0.000000  
0.000000  0.000000  0.000000  0.000000  0.000000  0.000000  
0.000000  0.000000  0.000000  0.000000  0.000000  0.000000  
0.000000  0.000000  0.000000  0.000000  0.000000  0.000000  
0.000000  0.000000  0.000000  0.000000  0.000000  0.000000  
0.000000  0.000000  0.000000  0.000000  0.000000  0.000000  

F_input #8: 
0.749063  0.000000  0.000000  0.000000  0.000000  0.000000  
0.000000  0.000000  0.000000  0.000000  0.000000  0.000000  
0.000000  0.000000  0.000000  0.000000  0.000000  0.000000  

F_lambda #9: 
-0.996253  0.000000  0.000000  0.000000  0.000000  0.000000  
0.000000  -0.996253  0.000000  0.000000  0.000000  0.000000  
0.000000  0.000000  -0.996253  0.000000  0.000000  0.000000  
-0.025094  0.000000  0.000000  -1.000000  0.000000  0.000000  
0.000000  -0.025094  0.000000  0.000000  -1.000000  0.000000  
0.000000  0.000000  -0.025094  0.000000  0.000000  -1.000000  

F_state #9: 
0.003747  0.000000  0.000000  0.000000  0.000000  0.000000  
0.000000  1.000000  0.000000  0.000000  0.000000  0.000000  
0.000000  0.000000  1.000000  0.000000  0.000000  0.000000  
0.074906  0.000000  0.000000  1.000000  0.000000  0.000000  
0.000000  0.100000  0.000000  0.000000  1.000000  0.000000  
0.000000  0.000000  0.100000  0.000000  0.000000  1.000000  

F_input #9: 
0.500000  0.000000  0.000000  10.000000  0.000000  0.000000  
0.000000  0.500000  0.000000  0.000000  10.000000  0.000000  
0.000000  0.000000  0.500000  0.000000  0.000000  10.000000  

F_lambda #10: 
0.514206  0.000000  0.000000  0.150000  0.000000  0.000000  
0.000000  2.012500  0.000000  0.000000  0.150000  0.000000  
0.000000  0.000000  2.012500  0.000000  0.000000  0.150000  
0.099891  0.000000  0.000000  3.000000  0.000000  0.000000  
0.000000  0.150000  0.000000  0.000000  3.000000  0.000000  
0.000000  0.000000  0.150000  0.000000  0.000000  3.000000  

F_state #10: 
-0.500469  0.000000  0.000000  0.000000  0.000000  0.000000  
0.000000  -1.000000  0.000000  0.000000  0.000000  0.000000  
0.000000  0.000000  -1.000000  0.000000  0.000000  0.000000  
0.025015  0.000000  0.000000  -1.000000  0.000000  0.000000  
0.000000  0.000000  0.000000  0.000000  -1.000000  0.000000  
0.000000  0.000000  0.000000  0.000000  0.000000  -1.000000  

F_input #10: 
0.000389  0.000000  0.000000  0.000000  0.000000  0.000000  
0.000000  0.000000  0.000000  0.000000  0.000000  0.000000  
0.000000  0.000000  0.000000  0.000000  0.000000  0.000000  

F_lambda #11: 
-0.499531  0.000000  0.000000  -0.100000  0.000000  0.000000  
0.000000  -0.499531  0.000000  0.000000  -0.100000  0.000000  
0.000000  0.000000  -0.499531  0.000000  0.000000  -0.100000  
0.024938  0.000000  0.000000  -1.000000  0.000000  0.000000  
0.000000  0.024938  0.000000  0.000000  -1.000000  0.000000  
0.000000  0.000000  0.024938  0.000000  0.000000  -1.000000  

F_state #11: 
-0.499531  0.000000  0.000000  0.000000  0.000000  0.000000  
0.000000  0.000000  0.000000  0.000000  0.000000  0.000000  
0.000000  0.000000  0.000000  0.000000  0.000000  0.000000  
0.024938  0.000000  0.000000  0.000000  0.000000  0.000000  
0.000000  0.000000  0.000000  0.000000  0.000000  0.000000  
0.000000  0.000000  0.000000  0.000000  0.000000  0.000000  

F_input #11: 
0.000000  0.000000  0.000000  0.000000  0.000000  0.000000  
0.000000  0.000000  0.000000  0.000000  0.000000  0.000000  
0.000000  0.000000  0.000000  0.000000  0.000000  0.000000  

F_lambda #12: 
0.000000  0.000000  0.000000  0.000000  0.000000  0.000000  
0.000000  0.000000  0.000000  0.000000  0.000000  0.000000  
0.000000  0.000000  0.000000  0.000000  0.000000  0.000000  
0.000000  0.000000  0.000000  0.000000  0.000000  0.000000  
0.000000  0.000000  0.000000  0.000000  0.000000  0.000000  
0.000000  0.000000  0.000000  0.000000  0.000000  0.000000  

F_state #12: 
0.495994  0.000000  0.000000  0.000000  0.000000  0.000000  
0.000000  0.000000  0.000000  0.000000  0.000000  0.000000  
0.000000  0.000000  0.000000  0.000000  0.000000  0.000000  
0.058120  0.000000  0.000000  0.000000  0.000000  0.000000  
0.000000  0.000000  0.000000  0.000000  0.000000  0.000000  
0.000000  0.000000  0.000000  0.000000  0.000000  0.000000  

F_input #12: 
0.333200  0.000000  0.000000  0.000000  0.000000  0.000000  
0.000000  0.000000  0.000000  0.000000  0.000000  0.000000  
0.000000  0.000000  0.000000  0.000000  0.000000  0.000000  

F_lambda #13: 
-0.495994  0.000000  0.000000  0.000000  0.000000  0.000000  
0.000000  -0.495994  0.000000  0.000000  0.000000  0.000000  
0.000000  0.000000  -0.495994  0.000000  0.000000  0.000000  
-0.008520  0.000000  0.000000  -1.000000  0.000000  0.000000  
0.000000  -0.008520  0.000000  0.000000  -1.000000  0.000000  
0.000000  0.000000  -0.008520  0.000000  0.000000  -1.000000  

F_state #13: 
0.504006  0.000000  0.000000  0.000000  0.000000  0.000000  
0.000000  1.000000  0.000000  0.000000  0.000000  0.000000  
0.000000  0.000000  1.000000  0.000000  0.000000  0.000000  
0.091480  0.000000  0.000000  1.000000  0.000000  0.000000  
0.000000  0.100000  0.000000  0.000000  1.000000  0.000000  
0.000000  0.000000  0.100000  0.000000  0.000000  1.000000  

F_input #13: 
0.500000  0.000000  0.000000  10.000000  0.000000  0.000000  
0.000000  0.500000  0.000000  0.000000  10.000000  0.000000  
0.000000  0.000000  0.500000  0.000000  0.000000  10.000000  

F_lambda #14: 
0.607558  0.000000  0.000000  0.150000  0.000000  0.000000  
0.000000  2.012500  0.000000  0.000000  0.150000  0.000000  
0.000000  0.000000  2.012500  0.000000  0.000000  0.150000  
0.115500  0.000000  0.000000  3.000000  0.000000  0.000000  
0.000000  0.150000  0.000000  0.000000  3.000000  0.000000  
0.000000  0.000000  0.150000  0.000000  0.000000  3.000000  

F_state #14: 
-0.091904  0.000000  0.000000  0.000000  0.000000  0.000000  
0.000000  -1.000000  0.000000  0.000000  0.000000  0.000000  
0.000000  0.000000  -1.000000  0.000000  0.000000  0.000000  
0.025980  0.000000  0.000000  -1.000000  0.000000  0.000000  
0.000000  0.000000  0.000000  0.000000  -1.000000  0.000000  
0.000000  0.000000  0.000000  0.000000  0.000000  -1.000000  

F_input #14: 
-0.194250  0.000000  0.000000  0.000000  0.000000  0.000000  
0.000000  0.000000  0.000000  0.000000  0.000000  0.000000  
0.000000  0.000000  0.000000  0.000000  0.000000  0.000000  

F_lambda #15: 
-0.908096  0.000000  0.000000  -0.100000  0.000000  0.000000  
0.000000  -0.908096  0.000000  0.000000  -0.100000  0.000000  
0.000000  0.000000  -0.908096  0.000000  0.000000  -0.100000  
0.064830  0.000000  0.000000  -1.000000  0.000000  0.000000  
0.000000  0.064830  0.000000  0.000000  -1.000000  0.000000  
0.000000  0.000000  0.064830  0.000000  0.000000  -1.000000  

F_state #15: 
-0.090810  0.000000  0.000000  0.000000  0.000000  0.000000  
0.000000  0.000000  0.000000  0.000000  0.000000  0.000000  
0.000000  0.000000  0.000000  0.000000  0.000000  0.000000  
0.006483  0.000000  0.000000  0.000000  0.000000  0.000000  
0.000000  0.000000  0.000000  0.000000  0.000000  0.000000  
0.000000  0.000000  0.000000  0.000000  0.000000  0.000000  

F_input #15: 
0.000000  0.000000  0.000000  0.000000  0.000000  0.000000  
0.000000  0.000000  0.000000  0.000000  0.000000  0.000000  
0.000000  0.000000  0.000000  0.000000  0.000000  0.000000  

LEVEL 2

F_lambda #16: 
-1.870071  0.000000  0.000000  0.000000  0.000000  0.000000  
0.000000  0.000000  0.000000  0.000000  0.000000  0.000000  
0.000000  0.000000  0.000000  0.000000  0.000000  0.000000  
-0.234110  0.000000  0.000000  0.000000  0.000000  0.000000  
0.000000  0.000000  0.000000  0.000000  0.000000  0.000000  
0.000000  0.000000  0.000000  0.000000  0.000000  0.000000  

F_state #16: 
0.000000  0.000000  0.000000  0.000000  0.000000  0.000000  
0.000000  0.000000  0.000000  0.000000  0.000000  0.000000  
0.000000  0.000000  0.000000  0.000000  0.000000  0.000000  
0.000000  0.000000  0.000000  0.000000  0.000000  0.000000  
0.000000  0.000000  0.000000  0.000000  0.000000  0.000000  
0.000000  0.000000  0.000000  0.000000  0.000000  0.000000  

F_input #16: 
1.406069  0.000000  0.000000  0.000000  0.000000  0.000000  
0.000000  0.000000  0.000000  0.000000  0.000000  0.000000  
0.000000  0.000000  0.000000  0.000000  0.000000  0.000000  

F_lambda #17: 
-1.870071  0.000000  0.000000  0.000000  0.000000  0.000000  
0.000000  0.000000  0.000000  0.000000  0.000000  0.000000  
0.000000  0.000000  0.000000  0.000000  0.000000  0.000000  
-0.042855  0.000000  0.000000  0.000000  0.000000  0.000000  
0.000000  0.000000  0.000000  0.000000  0.000000  0.000000  
0.000000  0.000000  0.000000  0.000000  0.000000  0.000000  

F_state #17: 
0.007033  0.000000  0.000000  0.000000  0.000000  0.000000  
0.000000  0.000000  0.000000  0.000000  0.000000  0.000000  
0.000000  0.000000  0.000000  0.000000  0.000000  0.000000  
0.136359  0.000000  0.000000  0.000000  0.000000  0.000000  
0.000000  0.000000  0.000000  0.000000  0.000000  0.000000  
0.000000  0.000000  0.000000  0.000000  0.000000  0.000000  

F_input #17: 
0.896070  0.000000  0.000000  0.000000  0.000000  0.000000  
0.000000  0.000000  0.000000  0.000000  0.000000  0.000000  
0.000000  0.000000  0.000000  0.000000  0.000000  0.000000  

F_lambda #18: 
-1.877104  0.000000  0.000000  0.000000  0.000000  0.000000  
0.000000  0.000000  0.000000  0.000000  0.000000  0.000000  
0.000000  0.000000  0.000000  0.000000  0.000000  0.000000  
0.004248  0.000000  0.000000  0.000000  0.000000  0.000000  
0.000000  0.000000  0.000000  0.000000  0.000000  0.000000  
0.000000  0.000000  0.000000  0.000000  0.000000  0.000000  

F_state #18: 
-0.443438  0.000000  0.000000  0.000000  0.000000  0.000000  
0.000000  0.000000  0.000000  0.000000  0.000000  0.000000  
0.000000  0.000000  0.000000  0.000000  0.000000  0.000000  
0.109324  0.000000  0.000000  0.000000  0.000000  0.000000  
0.000000  0.000000  0.000000  0.000000  0.000000  0.000000  
0.000000  0.000000  0.000000  0.000000  0.000000  0.000000  

F_input #18: 
0.333931  0.000000  0.000000  0.000000  0.000000  0.000000  
0.000000  0.000000  0.000000  0.000000  0.000000  0.000000  
0.000000  0.000000  0.000000  0.000000  0.000000  0.000000  

F_lambda #19: 
-1.433241  0.000000  0.000000  0.000000  0.000000  0.000000  
0.000000  -0.495994  0.000000  0.000000  0.000000  0.000000  
0.000000  0.000000  -0.495994  0.000000  0.000000  0.000000  
0.042538  0.000000  0.000000  -1.000000  0.000000  0.000000  
0.000000  -0.008520  0.000000  0.000000  -1.000000  0.000000  
0.000000  0.000000  -0.008520  0.000000  0.000000  -1.000000  

F_state #19: 
-0.433666  0.000000  0.000000  0.000000  0.000000  0.000000  
0.000000  1.000000  0.000000  0.000000  0.000000  0.000000  
0.000000  0.000000  1.000000  0.000000  0.000000  0.000000  
0.138290  0.000000  0.000000  1.000000  0.000000  0.000000  
0.000000  0.100000  0.000000  0.000000  1.000000  0.000000  
0.000000  0.000000  0.100000  0.000000  0.000000  1.000000  

F_input #19: 
0.500000  0.000000  0.000000  10.000000  0.000000  0.000000  
0.000000  0.500000  0.000000  0.000000  10.000000  0.000000  
0.000000  0.000000  0.500000  0.000000  0.000000  10.000000  

F_lambda #20: 
0.000000  0.000000  0.000000  0.000000  0.000000  0.000000  
0.000000  0.000000  0.000000  0.000000  0.000000  0.000000  
0.000000  0.000000  0.000000  0.000000  0.000000  0.000000  
0.000000  0.000000  0.000000  0.000000  0.000000  0.000000  
0.000000  0.000000  0.000000  0.000000  0.000000  0.000000  
0.000000  0.000000  0.000000  0.000000  0.000000  0.000000  

F_state #20: 
0.169022  0.000000  0.000000  0.000000  0.000000  0.000000  
0.000000  -1.000000  0.000000  0.000000  0.000000  0.000000  
0.000000  0.000000  -1.000000  0.000000  0.000000  0.000000  
0.103465  0.000000  0.000000  -1.000000  0.000000  0.000000  
0.000000  0.000000  0.000000  0.000000  -1.000000  0.000000  
0.000000  0.000000  0.000000  0.000000  0.000000  -1.000000  

F_input #20: 
0.450142  0.000000  0.000000  0.000000  0.000000  0.000000  
0.000000  0.000000  0.000000  0.000000  0.000000  0.000000  
0.000000  0.000000  0.000000  0.000000  0.000000  0.000000  

F_lambda #21: 
-1.169022  0.000000  0.000000  -0.100000  0.000000  0.000000  
0.000000  -0.499531  0.000000  0.000000  -0.100000  0.000000  
0.000000  0.000000  -0.499531  0.000000  0.000000  -0.100000  
0.026707  0.000000  0.000000  -1.000000  0.000000  0.000000  
0.000000  0.024938  0.000000  0.000000  -1.000000  0.000000  
0.000000  0.000000  0.024938  0.000000  0.000000  -1.000000  

F_state #21: 
0.180775  0.000000  0.000000  0.000000  0.000000  0.000000  
0.000000  0.000000  0.000000  0.000000  0.000000  0.000000  
0.000000  0.000000  0.000000  0.000000  0.000000  0.000000  
0.135147  0.000000  0.000000  0.000000  0.000000  0.000000  
0.000000  0.000000  0.000000  0.000000  0.000000  0.000000  
0.000000  0.000000  0.000000  0.000000  0.000000  0.000000  

F_input #21: 
0.542202  0.000000  0.000000  0.000000  0.000000  0.000000  
0.000000  0.000000  0.000000  0.000000  0.000000  0.000000  
0.000000  0.000000  0.000000  0.000000  0.000000  0.000000  

F_lambda #22: 
-1.349797  0.000000  0.000000  0.000000  0.000000  0.000000  
0.000000  0.000000  0.000000  0.000000  0.000000  0.000000  
0.000000  0.000000  0.000000  0.000000  0.000000  0.000000  
0.013270  0.000000  0.000000  0.000000  0.000000  0.000000  
0.000000  0.000000  0.000000  0.000000  0.000000  0.000000  
0.000000  0.000000  0.000000  0.000000  0.000000  0.000000  

F_state #22: 
-0.124052  0.000000  0.000000  0.000000  0.000000  0.000000  
0.000000  0.000000  0.000000  0.000000  0.000000  0.000000  
0.000000  0.000000  0.000000  0.000000  0.000000  0.000000  
0.048337  0.000000  0.000000  0.000000  0.000000  0.000000  
0.000000  0.000000  0.000000  0.000000  0.000000  0.000000  
0.000000  0.000000  0.000000  0.000000  0.000000  0.000000  

F_input #22: 
-0.262199  0.000000  0.000000  0.000000  0.000000  0.000000  
0.000000  0.000000  0.000000  0.000000  0.000000  0.000000  
0.000000  0.000000  0.000000  0.000000  0.000000  0.000000  

F_lambda #23: 
-1.224419  0.000000  0.000000  0.000000  0.000000  0.000000  
0.000000  0.000000  0.000000  0.000000  0.000000  0.000000  
0.000000  0.000000  0.000000  0.000000  0.000000  0.000000  
0.100777  0.000000  0.000000  0.000000  0.000000  0.000000  
0.000000  0.000000  0.000000  0.000000  0.000000  0.000000  
0.000000  0.000000  0.000000  0.000000  0.000000  0.000000  

F_state #23: 
-0.122575  0.000000  0.000000  0.000000  0.000000  0.000000  
0.000000  0.000000  0.000000  0.000000  0.000000  0.000000  
0.000000  0.000000  0.000000  0.000000  0.000000  0.000000  
0.008751  0.000000  0.000000  0.000000  0.000000  0.000000  
0.000000  0.000000  0.000000  0.000000  0.000000  0.000000  
0.000000  0.000000  0.000000  0.000000  0.000000  0.000000  

F_input #23: 
0.000000  0.000000  0.000000  0.000000  0.000000  0.000000  
0.000000  0.000000  0.000000  0.000000  0.000000  0.000000  
0.000000  0.000000  0.000000  0.000000  0.000000  0.000000  
done with innerproducts level 2
done with chol_fact level 2
done with solve_chol level 2
done with update_shur level 2
CHECKING DATA AFTER Update Schur
d0: 
-1.000000  -2.200000  1.600000  -1.600000  4.200000  -1.000000  

q0: 
1.000000  -1.000000  2.000000  -2.000000  3.000000  -3.000000  

r0: 
100.000000  0.000000  -100.000000  

d1: 
-1.500000  -1.500000  -1.500000  -1.500000  -1.500000  -1.500000  

q1: 
4.000000  2.400000  0.800000  -0.800000  -2.400000  -4.000000  

r1: 
200.000000  0.000000  -200.000000  

d2: 
-3.000000  -3.000000  -3.000000  -3.000000  -3.000000  -3.000000  

q2: 
6.000000  3.600000  1.200000  -1.200000  -3.600000  -6.000000  

r2: 
300.000000  0.000000  -300.000000  

d3: 
-4.500000  -4.500000  -4.500000  -4.500000  -4.500000  -4.500000  

q3: 
8.000000  4.800000  1.600000  -1.600000  -4.800000  -8.000000  

r3: 
400.000000  0.000000  -400.000000  

d4: 
-6.000000  -6.000000  -6.000000  -6.000000  -6.000000  -6.000000  

q4: 
10.000000  6.000000  2.000000  -2.000000  -6.000000  -10.000000  

r4: 
500.000000  0.000000  -500.000000  

d5: 
-7.500000  -7.500000  -7.500000  -7.500000  -7.500000  -7.500000  

q5: 
12.000000  7.200000  2.400000  -2.400000  -7.200000  -12.000000  

r5: 
600.000000  0.000000  -600.000000  

d6: 
-9.000000  -9.000000  -9.000000  -9.000000  -9.000000  -9.000000  

q6: 
14.000000  8.400000  2.800000  -2.800000  -8.400000  -14.000000  

r6: 
700.000000  0.000000  -700.000000  

d7: 
-10.500000  -10.500000  -10.500000  -10.500000  -10.500000  -10.500000  

q7: 
16.000000  9.599999  3.200000  -3.200000  -9.599999  -16.000000  

r7: 
-0.000000  -0.000000  -0.000000  

LEVEL 0

F_lambda #0: 
-1.000000  -0.000000  -0.000000  -0.000000  -0.000000  -0.000000  
-0.000000  -1.000000  -0.000000  -0.000000  -0.000000  -0.000000  
-0.000000  -0.000000  -1.000000  -0.000000  -0.000000  -0.000000  
-0.100000  -0.000000  -0.000000  -1.000000  -0.000000  -0.000000  
-0.000000  -0.100000  -0.000000  -0.000000  -1.000000  -0.000000  
-0.000000  -0.000000  -0.100000  -0.000000  -0.000000  -1.000000  

F_state #0: 
0.000000  0.000000  0.000000  0.000000  0.000000  0.000000  
0.000000  0.000000  0.000000  0.000000  0.000000  0.000000  
0.000000  0.000000  0.000000  0.000000  0.000000  0.000000  
0.000000  0.000000  0.000000  0.000000  0.000000  0.000000  
0.000000  0.000000  0.000000  0.000000  0.000000  0.000000  
0.000000  0.000000  0.000000  0.000000  0.000000  0.000000  

F_input #0: 
0.500000  0.000000  0.000000  10.000000  0.000000  0.000000  
0.000000  0.500000  0.000000  0.000000  10.000000  0.000000  
0.000000  0.000000  0.500000  0.000000  0.000000  10.000000  

F_lambda #1: 
1.001249  0.000000  0.000000  0.050000  0.000000  0.000000  
0.000000  1.001249  0.000000  0.000000  0.050000  0.000000  
0.000000  0.000000  1.001249  0.000000  0.000000  0.050000  
0.049938  0.000000  0.000000  1.413332  0.000000  0.000000  
0.000000  0.049938  0.000000  0.000000  1.413332  0.000000  
0.000000  0.000000  0.049938  0.000000  0.000000  1.413332  

F_state #1: 
-1.000000  0.000000  0.000000  0.000000  0.000000  0.000000  
0.000000  -1.000000  0.000000  0.000000  0.000000  0.000000  
0.000000  0.000000  -1.000000  0.000000  0.000000  0.000000  
0.000000  0.000000  0.000000  -1.000000  0.000000  0.000000  
0.000000  0.000000  0.000000  0.000000  -1.000000  0.000000  
0.000000  0.000000  0.000000  0.000000  0.000000  -1.000000  

F_input #1: 
0.000000  0.000000  0.000000  0.000000  0.000000  0.000000  
0.000000  0.000000  0.000000  0.000000  0.000000  0.000000  
0.000000  0.000000  0.000000  0.000000  0.000000  0.000000  

F_lambda #2: 
0.000000  0.000000  0.000000  0.000000  0.000000  0.000000  
-nan  nan  0.000000  0.000000  0.000000  0.000000  
-nan  nan  nan  0.000000  0.000000  0.000000  
-nan  nan  nan  nan  0.000000  0.000000  
-nan  nan  nan  nan  nan  0.000000  
-nan  nan  nan  nan  nan  nan  

F_state #2: 
1.000000  0.000000  0.000000  0.000000  0.000000  0.000000  
0.000000  1.000000  0.000000  0.000000  0.000000  0.000000  
0.000000  0.000000  1.000000  0.000000  0.000000  0.000000  
0.100000  0.000000  0.000000  1.000000  0.000000  0.000000  
0.000000  0.100000  0.000000  0.000000  1.000000  0.000000  
0.000000  0.000000  0.100000  0.000000  0.000000  1.000000  

F_input #2: 
0.500000  0.000000  0.000000  10.000000  0.000000  0.000000  
0.000000  0.500000  0.000000  0.000000  10.000000  0.000000  
0.000000  0.000000  0.500000  0.000000  0.000000  10.000000  

F_lambda #3: 
1.418626  0.000000  0.000000  0.150000  0.000000  0.000000  
0.000000  1.418626  0.000000  0.000000  0.150000  0.000000  
0.000000  0.000000  1.418626  0.000000  0.000000  0.150000  
0.105736  0.000000  0.000000  1.728820  0.000000  0.000000  
0.000000  0.105736  0.000000  0.000000  1.728820  0.000000  
0.000000  0.000000  0.105736  0.000000  0.000000  1.728820  

F_state #3: 
-1.000000  0.000000  0.000000  0.000000  0.000000  0.000000  
0.000000  -1.000000  0.000000  0.000000  0.000000  0.000000  
0.000000  0.000000  -1.000000  0.000000  0.000000  0.000000  
0.000000  0.000000  0.000000  -1.000000  0.000000  0.000000  
0.000000  0.000000  0.000000  0.000000  -1.000000  0.000000  
0.000000  0.000000  0.000000  0.000000  0.000000  -1.000000  

F_input #3: 
0.000000  0.000000  0.000000  0.000000  0.000000  0.000000  
0.000000  0.000000  0.000000  0.000000  0.000000  0.000000  
0.000000  0.000000  0.000000  0.000000  0.000000  0.000000  

F_lambda #4: 
0.000000  0.000000  0.000000  0.000000  0.000000  0.000000  
-nan  nan  0.000000  0.000000  0.000000  0.000000  
-nan  nan  nan  0.000000  0.000000  0.000000  
-nan  nan  nan  nan  0.000000  0.000000  
-nan  nan  nan  nan  nan  0.000000  
-nan  nan  nan  nan  nan  nan  

F_state #4: 
1.000000  0.000000  0.000000  0.000000  0.000000  0.000000  
0.000000  1.000000  0.000000  0.000000  0.000000  0.000000  
0.000000  0.000000  1.000000  0.000000  0.000000  0.000000  
0.100000  0.000000  0.000000  1.000000  0.000000  0.000000  
0.000000  0.100000  0.000000  0.000000  1.000000  0.000000  
0.000000  0.000000  0.100000  0.000000  0.000000  1.000000  

F_input #4: 
0.500000  0.000000  0.000000  10.000000  0.000000  0.000000  
0.000000  0.500000  0.000000  0.000000  10.000000  0.000000  
0.000000  0.000000  0.500000  0.000000  0.000000  10.000000  

F_lambda #5: 
1.418626  0.000000  0.000000  0.150000  0.000000  0.000000  
0.000000  1.418626  0.000000  0.000000  0.150000  0.000000  
0.000000  0.000000  1.418626  0.000000  0.000000  0.150000  
0.105736  0.000000  0.000000  1.728820  0.000000  0.000000  
0.000000  0.105736  0.000000  0.000000  1.728820  0.000000  
0.000000  0.000000  0.105736  0.000000  0.000000  1.728820  

F_state #5: 
-1.000000  0.000000  0.000000  0.000000  0.000000  0.000000  
0.000000  -1.000000  0.000000  0.000000  0.000000  0.000000  
0.000000  0.000000  -1.000000  0.000000  0.000000  0.000000  
0.000000  0.000000  0.000000  -1.000000  0.000000  0.000000  
0.000000  0.000000  0.000000  0.000000  -1.000000  0.000000  
0.000000  0.000000  0.000000  0.000000  0.000000  -1.000000  

F_input #5: 
0.000000  0.000000  0.000000  0.000000  0.000000  0.000000  
0.000000  0.000000  0.000000  0.000000  0.000000  0.000000  
0.000000  0.000000  0.000000  0.000000  0.000000  0.000000  

F_lambda #6: 
0.000000  0.000000  0.000000  0.000000  0.000000  0.000000  
-nan  nan  0.000000  0.000000  0.000000  0.000000  
-nan  nan  nan  0.000000  0.000000  0.000000  
-nan  nan  nan  nan  0.000000  0.000000  
-nan  nan  nan  nan  nan  0.000000  
-nan  nan  nan  nan  nan  nan  

F_state #6: 
1.000000  0.000000  0.000000  0.000000  0.000000  0.000000  
0.000000  1.000000  0.000000  0.000000  0.000000  0.000000  
0.000000  0.000000  1.000000  0.000000  0.000000  0.000000  
0.100000  0.000000  0.000000  1.000000  0.000000  0.000000  
0.000000  0.100000  0.000000  0.000000  1.000000  0.000000  
0.000000  0.000000  0.100000  0.000000  0.000000  1.000000  

F_input #6: 
0.500000  0.000000  0.000000  10.000000  0.000000  0.000000  
0.000000  0.500000  0.000000  0.000000  10.000000  0.000000  
0.000000  0.000000  0.500000  0.000000  0.000000  10.000000  

F_lambda #7: 
1.054751  0.000000  0.000000  0.150000  0.000000  0.000000  
0.000000  1.054751  0.000000  0.000000  0.150000  0.000000  
0.000000  0.000000  1.054751  0.000000  0.000000  0.150000  
0.142214  0.000000  0.000000  1.442142  0.000000  0.000000  
0.000000  0.142214  0.000000  0.000000  1.442142  0.000000  
0.000000  0.000000  0.142214  0.000000  0.000000  1.442142  

F_state #7: 
-0.100000  0.000000  0.000000  0.000000  0.000000  0.000000  
0.000000  -0.100000  0.000000  0.000000  0.000000  0.000000  
0.000000  0.000000  -0.100000  0.000000  0.000000  0.000000  
0.000000  0.000000  0.000000  -0.100000  0.000000  0.000000  
0.000000  0.000000  0.000000  0.000000  -0.100000  0.000000  
0.000000  0.000000  0.000000  0.000000  0.000000  -0.100000  

F_input #7: 
0.000000  0.000000  0.000000  0.000000  0.000000  0.000000  
0.000000  0.000000  0.000000  0.000000  0.000000  0.000000  
0.000000  0.000000  0.000000  0.000000  0.000000  0.000000  

LEVEL 1

F_lambda #8: 
-0.996253  0.000000  0.000000  0.000000  0.000000  0.000000  
0.000000  0.000000  0.000000  0.000000  0.000000  0.000000  
0.000000  0.000000  0.000000  0.000000  0.000000  0.000000  
-0.124719  0.000000  0.000000  0.000000  0.000000  0.000000  
0.000000  0.000000  0.000000  0.000000  0.000000  0.000000  
0.000000  0.000000  0.000000  0.000000  0.000000  0.000000  

F_state #8: 
0.000000  0.000000  0.000000  0.000000  0.000000  0.000000  
0.000000  0.000000  0.000000  0.000000  0.000000  0.000000  
0.000000  0.000000  0.000000  0.000000  0.000000  0.000000  
0.000000  0.000000  0.000000  0.000000  0.000000  0.000000  
0.000000  0.000000  0.000000  0.000000  0.000000  0.000000  
0.000000  0.000000  0.000000  0.000000  0.000000  0.000000  

F_input #8: 
0.749063  0.000000  0.000000  0.000000  0.000000  0.000000  
0.000000  0.000000  0.000000  0.000000  0.000000  0.000000  
0.000000  0.000000  0.000000  0.000000  0.000000  0.000000  

F_lambda #9: 
-0.996253  0.000000  0.000000  0.000000  0.000000  0.000000  
0.000000  -0.996253  0.000000  0.000000  0.000000  0.000000  
0.000000  0.000000  -0.996253  0.000000  0.000000  0.000000  
-0.025094  0.000000  0.000000  -1.000000  0.000000  0.000000  
0.000000  -0.025094  0.000000  0.000000  -1.000000  0.000000  
0.000000  0.000000  -0.025094  0.000000  0.000000  -1.000000  

F_state #9: 
0.003747  0.000000  0.000000  0.000000  0.000000  0.000000  
0.000000  1.000000  0.000000  0.000000  0.000000  0.000000  
0.000000  0.000000  1.000000  0.000000  0.000000  0.000000  
0.074906  0.000000  0.000000  1.000000  0.000000  0.000000  
0.000000  0.100000  0.000000  0.000000  1.000000  0.000000  
0.000000  0.000000  0.100000  0.000000  0.000000  1.000000  

F_input #9: 
0.500000  0.000000  0.000000  10.000000  0.000000  0.000000  
0.000000  0.500000  0.000000  0.000000  10.000000  0.000000  
0.000000  0.000000  0.500000  0.000000  0.000000  10.000000  

F_lambda #10: 
0.514206  0.000000  0.000000  0.150000  0.000000  0.000000  
0.000000  2.012500  0.000000  0.000000  0.150000  0.000000  
0.000000  0.000000  2.012500  0.000000  0.000000  0.150000  
0.099891  0.000000  0.000000  3.000000  0.000000  0.000000  
0.000000  0.150000  0.000000  0.000000  3.000000  0.000000  
0.000000  0.000000  0.150000  0.000000  0.000000  3.000000  

F_state #10: 
-0.500469  0.000000  0.000000  0.000000  0.000000  0.000000  
0.000000  -1.000000  0.000000  0.000000  0.000000  0.000000  
0.000000  0.000000  -1.000000  0.000000  0.000000  0.000000  
0.025015  0.000000  0.000000  -1.000000  0.000000  0.000000  
0.000000  0.000000  0.000000  0.000000  -1.000000  0.000000  
0.000000  0.000000  0.000000  0.000000  0.000000  -1.000000  

F_input #10: 
0.000389  0.000000  0.000000  0.000000  0.000000  0.000000  
0.000000  0.000000  0.000000  0.000000  0.000000  0.000000  
0.000000  0.000000  0.000000  0.000000  0.000000  0.000000  

F_lambda #11: 
-0.499531  0.000000  0.000000  -0.100000  0.000000  0.000000  
0.000000  -0.499531  0.000000  0.000000  -0.100000  0.000000  
0.000000  0.000000  -0.499531  0.000000  0.000000  -0.100000  
0.024938  0.000000  0.000000  -1.000000  0.000000  0.000000  
0.000000  0.024938  0.000000  0.000000  -1.000000  0.000000  
0.000000  0.000000  0.024938  0.000000  0.000000  -1.000000  

F_state #11: 
-0.499531  0.000000  0.000000  0.000000  0.000000  0.000000  
0.000000  0.000000  0.000000  0.000000  0.000000  0.000000  
0.000000  0.000000  0.000000  0.000000  0.000000  0.000000  
0.024938  0.000000  0.000000  0.000000  0.000000  0.000000  
0.000000  0.000000  0.000000  0.000000  0.000000  0.000000  
0.000000  0.000000  0.000000  0.000000  0.000000  0.000000  

F_input #11: 
0.000000  0.000000  0.000000  0.000000  0.000000  0.000000  
0.000000  0.000000  0.000000  0.000000  0.000000  0.000000  
0.000000  0.000000  0.000000  0.000000  0.000000  0.000000  

F_lambda #12: 
0.000000  0.000000  0.000000  0.000000  0.000000  0.000000  
0.000000  0.000000  0.000000  0.000000  0.000000  0.000000  
0.000000  0.000000  0.000000  0.000000  0.000000  0.000000  
0.000000  0.000000  0.000000  0.000000  0.000000  0.000000  
0.000000  0.000000  0.000000  0.000000  0.000000  0.000000  
0.000000  0.000000  0.000000  0.000000  0.000000  0.000000  

F_state #12: 
0.495994  0.000000  0.000000  0.000000  0.000000  0.000000  
0.000000  0.000000  0.000000  0.000000  0.000000  0.000000  
0.000000  0.000000  0.000000  0.000000  0.000000  0.000000  
0.058120  0.000000  0.000000  0.000000  0.000000  0.000000  
0.000000  0.000000  0.000000  0.000000  0.000000  0.000000  
0.000000  0.000000  0.000000  0.000000  0.000000  0.000000  

F_input #12: 
0.333200  0.000000  0.000000  0.000000  0.000000  0.000000  
0.000000  0.000000  0.000000  0.000000  0.000000  0.000000  
0.000000  0.000000  0.000000  0.000000  0.000000  0.000000  

F_lambda #13: 
-0.495994  0.000000  0.000000  0.000000  0.000000  0.000000  
0.000000  -0.495994  0.000000  0.000000  0.000000  0.000000  
0.000000  0.000000  -0.495994  0.000000  0.000000  0.000000  
-0.008520  0.000000  0.000000  -1.000000  0.000000  0.000000  
0.000000  -0.008520  0.000000  0.000000  -1.000000  0.000000  
0.000000  0.000000  -0.008520  0.000000  0.000000  -1.000000  

F_state #13: 
0.504006  0.000000  0.000000  0.000000  0.000000  0.000000  
0.000000  1.000000  0.000000  0.000000  0.000000  0.000000  
0.000000  0.000000  1.000000  0.000000  0.000000  0.000000  
0.091480  0.000000  0.000000  1.000000  0.000000  0.000000  
0.000000  0.100000  0.000000  0.000000  1.000000  0.000000  
0.000000  0.000000  0.100000  0.000000  0.000000  1.000000  

F_input #13: 
0.500000  0.000000  0.000000  10.000000  0.000000  0.000000  
0.000000  0.500000  0.000000  0.000000  10.000000  0.000000  
0.000000  0.000000  0.500000  0.000000  0.000000  10.000000  

F_lambda #14: 
0.607558  0.000000  0.000000  0.150000  0.000000  0.000000  
0.000000  2.012500  0.000000  0.000000  0.150000  0.000000  
0.000000  0.000000  2.012500  0.000000  0.000000  0.150000  
0.115500  0.000000  0.000000  3.000000  0.000000  0.000000  
0.000000  0.150000  0.000000  0.000000  3.000000  0.000000  
0.000000  0.000000  0.150000  0.000000  0.000000  3.000000  

F_state #14: 
-0.091904  0.000000  0.000000  0.000000  0.000000  0.000000  
0.000000  -1.000000  0.000000  0.000000  0.000000  0.000000  
0.000000  0.000000  -1.000000  0.000000  0.000000  0.000000  
0.025980  0.000000  0.000000  -1.000000  0.000000  0.000000  
0.000000  0.000000  0.000000  0.000000  -1.000000  0.000000  
0.000000  0.000000  0.000000  0.000000  0.000000  -1.000000  

F_input #14: 
-0.194250  0.000000  0.000000  0.000000  0.000000  0.000000  
0.000000  0.000000  0.000000  0.000000  0.000000  0.000000  
0.000000  0.000000  0.000000  0.000000  0.000000  0.000000  

F_lambda #15: 
-0.908096  0.000000  0.000000  -0.100000  0.000000  0.000000  
0.000000  -0.908096  0.000000  0.000000  -0.100000  0.000000  
0.000000  0.000000  -0.908096  0.000000  0.000000  -0.100000  
0.064830  0.000000  0.000000  -1.000000  0.000000  0.000000  
0.000000  0.064830  0.000000  0.000000  -1.000000  0.000000  
0.000000  0.000000  0.064830  0.000000  0.000000  -1.000000  

F_state #15: 
-0.090810  0.000000  0.000000  0.000000  0.000000  0.000000  
0.000000  0.000000  0.000000  0.000000  0.000000  0.000000  
0.000000  0.000000  0.000000  0.000000  0.000000  0.000000  
0.006483  0.000000  0.000000  0.000000  0.000000  0.000000  
0.000000  0.000000  0.000000  0.000000  0.000000  0.000000  
0.000000  0.000000  0.000000  0.000000  0.000000  0.000000  

F_input #15: 
0.000000  0.000000  0.000000  0.000000  0.000000  0.000000  
0.000000  0.000000  0.000000  0.000000  0.000000  0.000000  
0.000000  0.000000  0.000000  0.000000  0.000000  0.000000  

LEVEL 2

F_lambda #16: 
-1.870071  0.000000  0.000000  0.000000  0.000000  0.000000  
0.000000  0.000000  0.000000  0.000000  0.000000  0.000000  
0.000000  0.000000  0.000000  0.000000  0.000000  0.000000  
-0.234110  0.000000  0.000000  0.000000  0.000000  0.000000  
0.000000  0.000000  0.000000  0.000000  0.000000  0.000000  
0.000000  0.000000  0.000000  0.000000  0.000000  0.000000  

F_state #16: 
0.000000  0.000000  0.000000  0.000000  0.000000  0.000000  
0.000000  0.000000  0.000000  0.000000  0.000000  0.000000  
0.000000  0.000000  0.000000  0.000000  0.000000  0.000000  
0.000000  0.000000  0.000000  0.000000  0.000000  0.000000  
0.000000  0.000000  0.000000  0.000000  0.000000  0.000000  
0.000000  0.000000  0.000000  0.000000  0.000000  0.000000  

F_input #16: 
1.406069  0.000000  0.000000  0.000000  0.000000  0.000000  
0.000000  0.000000  0.000000  0.000000  0.000000  0.000000  
0.000000  0.000000  0.000000  0.000000  0.000000  0.000000  

F_lambda #17: 
-1.870071  0.000000  0.000000  0.000000  0.000000  0.000000  
0.000000  0.000000  0.000000  0.000000  0.000000  0.000000  
0.000000  0.000000  0.000000  0.000000  0.000000  0.000000  
-0.042855  0.000000  0.000000  0.000000  0.000000  0.000000  
0.000000  0.000000  0.000000  0.000000  0.000000  0.000000  
0.000000  0.000000  0.000000  0.000000  0.000000  0.000000  

F_state #17: 
0.007033  0.000000  0.000000  0.000000  0.000000  0.000000  
0.000000  0.000000  0.000000  0.000000  0.000000  0.000000  
0.000000  0.000000  0.000000  0.000000  0.000000  0.000000  
0.136359  0.000000  0.000000  0.000000  0.000000  0.000000  
0.000000  0.000000  0.000000  0.000000  0.000000  0.000000  
0.000000  0.000000  0.000000  0.000000  0.000000  0.000000  

F_input #17: 
0.896070  0.000000  0.000000  0.000000  0.000000  0.000000  
0.000000  0.000000  0.000000  0.000000  0.000000  0.000000  
0.000000  0.000000  0.000000  0.000000  0.000000  0.000000  

F_lambda #18: 
-1.877104  0.000000  0.000000  0.000000  0.000000  0.000000  
0.000000  0.000000  0.000000  0.000000  0.000000  0.000000  
0.000000  0.000000  0.000000  0.000000  0.000000  0.000000  
0.004248  0.000000  0.000000  0.000000  0.000000  0.000000  
0.000000  0.000000  0.000000  0.000000  0.000000  0.000000  
0.000000  0.000000  0.000000  0.000000  0.000000  0.000000  

F_state #18: 
-0.443438  0.000000  0.000000  0.000000  0.000000  0.000000  
0.000000  0.000000  0.000000  0.000000  0.000000  0.000000  
0.000000  0.000000  0.000000  0.000000  0.000000  0.000000  
0.109324  0.000000  0.000000  0.000000  0.000000  0.000000  
0.000000  0.000000  0.000000  0.000000  0.000000  0.000000  
0.000000  0.000000  0.000000  0.000000  0.000000  0.000000  

F_input #18: 
0.333931  0.000000  0.000000  0.000000  0.000000  0.000000  
0.000000  0.000000  0.000000  0.000000  0.000000  0.000000  
0.000000  0.000000  0.000000  0.000000  0.000000  0.000000  

F_lambda #19: 
-1.433241  0.000000  0.000000  0.000000  0.000000  0.000000  
0.000000  -0.495994  0.000000  0.000000  0.000000  0.000000  
0.000000  0.000000  -0.495994  0.000000  0.000000  0.000000  
0.042538  0.000000  0.000000  -1.000000  0.000000  0.000000  
0.000000  -0.008520  0.000000  0.000000  -1.000000  0.000000  
0.000000  0.000000  -0.008520  0.000000  0.000000  -1.000000  

F_state #19: 
-0.433666  0.000000  0.000000  0.000000  0.000000  0.000000  
0.000000  1.000000  0.000000  0.000000  0.000000  0.000000  
0.000000  0.000000  1.000000  0.000000  0.000000  0.000000  
0.138290  0.000000  0.000000  1.000000  0.000000  0.000000  
0.000000  0.100000  0.000000  0.000000  1.000000  0.000000  
0.000000  0.000000  0.100000  0.000000  0.000000  1.000000  

F_input #19: 
0.500000  0.000000  0.000000  10.000000  0.000000  0.000000  
0.000000  0.500000  0.000000  0.000000  10.000000  0.000000  
0.000000  0.000000  0.500000  0.000000  0.000000  10.000000  

F_lambda #20: 
-0.586359  0.000000  0.000000  0.150000  0.000000  0.000000  
0.000000  2.012500  0.000000  0.000000  0.150000  0.000000  
0.000000  0.000000  2.012500  0.000000  0.000000  0.150000  
0.084825  0.000000  0.000000  3.000000  0.000000  0.000000  
0.000000  0.150000  0.000000  0.000000  3.000000  0.000000  
0.000000  0.000000  0.150000  0.000000  0.000000  3.000000  

F_state #20: 
0.169022  0.000000  0.000000  0.000000  0.000000  0.000000  
0.000000  -1.000000  0.000000  0.000000  0.000000  0.000000  
0.000000  0.000000  -1.000000  0.000000  0.000000  0.000000  
0.103465  0.000000  0.000000  -1.000000  0.000000  0.000000  
0.000000  0.000000  0.000000  0.000000  -1.000000  0.000000  
0.000000  0.000000  0.000000  0.000000  0.000000  -1.000000  

F_input #20: 
0.450142  0.000000  0.000000  0.000000  0.000000  0.000000  
0.000000  0.000000  0.000000  0.000000  0.000000  0.000000  
0.000000  0.000000  0.000000  0.000000  0.000000  0.000000  

F_lambda #21: 
-1.169022  0.000000  0.000000  -0.100000  0.000000  0.000000  
0.000000  -0.499531  0.000000  0.000000  -0.100000  0.000000  
0.000000  0.000000  -0.499531  0.000000  0.000000  -0.100000  
0.026707  0.000000  0.000000  -1.000000  0.000000  0.000000  
0.000000  0.024938  0.000000  0.000000  -1.000000  0.000000  
0.000000  0.000000  0.024938  0.000000  0.000000  -1.000000  

F_state #21: 
0.180775  0.000000  0.000000  0.000000  0.000000  0.000000  
0.000000  0.000000  0.000000  0.000000  0.000000  0.000000  
0.000000  0.000000  0.000000  0.000000  0.000000  0.000000  
0.135147  0.000000  0.000000  0.000000  0.000000  0.000000  
0.000000  0.000000  0.000000  0.000000  0.000000  0.000000  
0.000000  0.000000  0.000000  0.000000  0.000000  0.000000  

F_input #21: 
0.542202  0.000000  0.000000  0.000000  0.000000  0.000000  
0.000000  0.000000  0.000000  0.000000  0.000000  0.000000  
0.000000  0.000000  0.000000  0.000000  0.000000  0.000000  

F_lambda #22: 
-1.349797  0.000000  0.000000  0.000000  0.000000  0.000000  
0.000000  0.000000  0.000000  0.000000  0.000000  0.000000  
0.000000  0.000000  0.000000  0.000000  0.000000  0.000000  
0.013270  0.000000  0.000000  0.000000  0.000000  0.000000  
0.000000  0.000000  0.000000  0.000000  0.000000  0.000000  
0.000000  0.000000  0.000000  0.000000  0.000000  0.000000  

F_state #22: 
-0.124052  0.000000  0.000000  0.000000  0.000000  0.000000  
0.000000  0.000000  0.000000  0.000000  0.000000  0.000000  
0.000000  0.000000  0.000000  0.000000  0.000000  0.000000  
0.048337  0.000000  0.000000  0.000000  0.000000  0.000000  
0.000000  0.000000  0.000000  0.000000  0.000000  0.000000  
0.000000  0.000000  0.000000  0.000000  0.000000  0.000000  

F_input #22: 
-0.262199  0.000000  0.000000  0.000000  0.000000  0.000000  
0.000000  0.000000  0.000000  0.000000  0.000000  0.000000  
0.000000  0.000000  0.000000  0.000000  0.000000  0.000000  

F_lambda #23: 
-1.224419  0.000000  0.000000  0.000000  0.000000  0.000000  
0.000000  0.000000  0.000000  0.000000  0.000000  0.000000  
0.000000  0.000000  0.000000  0.000000  0.000000  0.000000  
0.100777  0.000000  0.000000  0.000000  0.000000  0.000000  
0.000000  0.000000  0.000000  0.000000  0.000000  0.000000  
0.000000  0.000000  0.000000  0.000000  0.000000  0.000000  

F_state #23: 
-0.122575  0.000000  0.000000  0.000000  0.000000  0.000000  
0.000000  0.000000  0.000000  0.000000  0.000000  0.000000  
0.000000  0.000000  0.000000  0.000000  0.000000  0.000000  
0.008751  0.000000  0.000000  0.000000  0.000000  0.000000  
0.000000  0.000000  0.000000  0.000000  0.000000  0.000000  
0.000000  0.000000  0.000000  0.000000  0.000000  0.000000  

F_input #23: 
0.000000  0.000000  0.000000  0.000000  0.000000  0.000000  
0.000000  0.000000  0.000000  0.000000  0.000000  0.000000  
0.000000  0.000000  0.000000  0.000000  0.000000  0.000000  
done!
BYE!