Run Test
Allocated memory
Launched Kernel
PRINTING ALL DATA AFTER INIT

Q0: 
1.00  0.00  0.00  0.00  0.00  0.00  
0.00  1.00  0.00  0.00  0.00  0.00  
0.00  0.00  1.00  0.00  0.00  0.00  
0.00  0.00  0.00  1.00  0.00  0.00  
0.00  0.00  0.00  0.00  1.00  0.00  
0.00  0.00  0.00  0.00  0.00  1.00  

R0: 
0.01  0.00  0.00  
0.00  0.01  0.00  
0.00  0.00  0.01  

q0: 
2.00  
1.20  
0.40  
-0.40  
-1.20  
-2.00  

r0: 
1.00  
-0.00  
-1.00  

A0: 
1.00  0.00  0.00  0.00  0.00  0.00  
0.00  1.00  0.00  0.00  0.00  0.00  
0.00  0.00  1.00  0.00  0.00  0.00  
0.10  0.00  0.00  1.00  0.00  0.00  
0.00  0.10  0.00  0.00  1.00  0.00  
0.00  0.00  0.10  0.00  0.00  1.00  

B0: 
0.00  0.00  0.00  0.10  0.00  0.00  
0.00  0.00  0.00  0.00  0.10  0.00  
0.00  0.00  0.00  0.00  0.00  0.10  

d0: 
-1.00  
1.00  
-2.00  
2.00  
-3.00  
3.00  

Q1: 
1.00  0.00  0.00  0.00  0.00  0.00  
0.00  1.00  0.00  0.00  0.00  0.00  
0.00  0.00  1.00  0.00  0.00  0.00  
0.00  0.00  0.00  1.00  0.00  0.00  
0.00  0.00  0.00  0.00  1.00  0.00  
0.00  0.00  0.00  0.00  0.00  1.00  

R1: 
0.01  0.00  0.00  
0.00  0.01  0.00  
0.00  0.00  0.01  

q1: 
4.00  
2.40  
0.80  
-0.80  
-2.40  
-4.00  

r1: 
2.00  
-0.00  
-2.00  

A1: 
1.00  0.00  0.00  0.00  0.00  0.00  
0.00  1.00  0.00  0.00  0.00  0.00  
0.00  0.00  1.00  0.00  0.00  0.00  
0.10  0.00  0.00  1.00  0.00  0.00  
0.00  0.10  0.00  0.00  1.00  0.00  
0.00  0.00  0.10  0.00  0.00  1.00  

B1: 
0.00  0.00  0.00  0.10  0.00  0.00  
0.00  0.00  0.00  0.00  0.10  0.00  
0.00  0.00  0.00  0.00  0.00  0.10  

d1: 
-1.50  
-1.50  
-1.50  
-1.50  
-1.50  
-1.50  

Q2: 
1.00  0.00  0.00  0.00  0.00  0.00  
0.00  1.00  0.00  0.00  0.00  0.00  
0.00  0.00  1.00  0.00  0.00  0.00  
0.00  0.00  0.00  1.00  0.00  0.00  
0.00  0.00  0.00  0.00  1.00  0.00  
0.00  0.00  0.00  0.00  0.00  1.00  

R2: 
0.01  0.00  0.00  
0.00  0.01  0.00  
0.00  0.00  0.01  

q2: 
6.00  
3.60  
1.20  
-1.20  
-3.60  
-6.00  

r2: 
3.00  
-0.00  
-3.00  

A2: 
1.00  0.00  0.00  0.00  0.00  0.00  
0.00  1.00  0.00  0.00  0.00  0.00  
0.00  0.00  1.00  0.00  0.00  0.00  
0.10  0.00  0.00  1.00  0.00  0.00  
0.00  0.10  0.00  0.00  1.00  0.00  
0.00  0.00  0.10  0.00  0.00  1.00  

B2: 
0.00  0.00  0.00  0.10  0.00  0.00  
0.00  0.00  0.00  0.00  0.10  0.00  
0.00  0.00  0.00  0.00  0.00  0.10  

d2: 
-3.00  
-3.00  
-3.00  
-3.00  
-3.00  
-3.00  

Q3: 
1.00  0.00  0.00  0.00  0.00  0.00  
0.00  1.00  0.00  0.00  0.00  0.00  
0.00  0.00  1.00  0.00  0.00  0.00  
0.00  0.00  0.00  1.00  0.00  0.00  
0.00  0.00  0.00  0.00  1.00  0.00  
0.00  0.00  0.00  0.00  0.00  1.00  

R3: 
0.01  0.00  0.00  
0.00  0.01  0.00  
0.00  0.00  0.01  

q3: 
8.00  
4.80  
1.60  
-1.60  
-4.80  
-8.00  

r3: 
4.00  
-0.00  
-4.00  

A3: 
1.00  0.00  0.00  0.00  0.00  0.00  
0.00  1.00  0.00  0.00  0.00  0.00  
0.00  0.00  1.00  0.00  0.00  0.00  
0.10  0.00  0.00  1.00  0.00  0.00  
0.00  0.10  0.00  0.00  1.00  0.00  
0.00  0.00  0.10  0.00  0.00  1.00  

B3: 
0.00  0.00  0.00  0.10  0.00  0.00  
0.00  0.00  0.00  0.00  0.10  0.00  
0.00  0.00  0.00  0.00  0.00  0.10  

d3: 
-4.50  
-4.50  
-4.50  
-4.50  
-4.50  
-4.50  

Q4: 
1.00  0.00  0.00  0.00  0.00  0.00  
0.00  1.00  0.00  0.00  0.00  0.00  
0.00  0.00  1.00  0.00  0.00  0.00  
0.00  0.00  0.00  1.00  0.00  0.00  
0.00  0.00  0.00  0.00  1.00  0.00  
0.00  0.00  0.00  0.00  0.00  1.00  

R4: 
0.01  0.00  0.00  
0.00  0.01  0.00  
0.00  0.00  0.01  

q4: 
10.00  
6.00  
2.00  
-2.00  
-6.00  
-10.00  

r4: 
5.00  
-0.00  
-5.00  

A4: 
1.00  0.00  0.00  0.00  0.00  0.00  
0.00  1.00  0.00  0.00  0.00  0.00  
0.00  0.00  1.00  0.00  0.00  0.00  
0.10  0.00  0.00  1.00  0.00  0.00  
0.00  0.10  0.00  0.00  1.00  0.00  
0.00  0.00  0.10  0.00  0.00  1.00  

B4: 
0.00  0.00  0.00  0.10  0.00  0.00  
0.00  0.00  0.00  0.00  0.10  0.00  
0.00  0.00  0.00  0.00  0.00  0.10  

d4: 
-6.00  
-6.00  
-6.00  
-6.00  
-6.00  
-6.00  

Q5: 
1.00  0.00  0.00  0.00  0.00  0.00  
0.00  1.00  0.00  0.00  0.00  0.00  
0.00  0.00  1.00  0.00  0.00  0.00  
0.00  0.00  0.00  1.00  0.00  0.00  
0.00  0.00  0.00  0.00  1.00  0.00  
0.00  0.00  0.00  0.00  0.00  1.00  

R5: 
0.01  0.00  0.00  
0.00  0.01  0.00  
0.00  0.00  0.01  

q5: 
12.00  
7.20  
2.40  
-2.40  
-7.20  
-12.00  

r5: 
6.00  
-0.00  
-6.00  

A5: 
1.00  0.00  0.00  0.00  0.00  0.00  
0.00  1.00  0.00  0.00  0.00  0.00  
0.00  0.00  1.00  0.00  0.00  0.00  
0.10  0.00  0.00  1.00  0.00  0.00  
0.00  0.10  0.00  0.00  1.00  0.00  
0.00  0.00  0.10  0.00  0.00  1.00  

B5: 
0.00  0.00  0.00  0.10  0.00  0.00  
0.00  0.00  0.00  0.00  0.10  0.00  
0.00  0.00  0.00  0.00  0.00  0.10  

d5: 
-7.50  
-7.50  
-7.50  
-7.50  
-7.50  
-7.50  

Q6: 
1.00  0.00  0.00  0.00  0.00  0.00  
0.00  1.00  0.00  0.00  0.00  0.00  
0.00  0.00  1.00  0.00  0.00  0.00  
0.00  0.00  0.00  1.00  0.00  0.00  
0.00  0.00  0.00  0.00  1.00  0.00  
0.00  0.00  0.00  0.00  0.00  1.00  

R6: 
0.01  0.00  0.00  
0.00  0.01  0.00  
0.00  0.00  0.01  

q6: 
14.00  
8.40  
2.80  
-2.80  
-8.40  
-14.00  

r6: 
7.00  
-0.00  
-7.00  

A6: 
1.00  0.00  0.00  0.00  0.00  0.00  
0.00  1.00  0.00  0.00  0.00  0.00  
0.00  0.00  1.00  0.00  0.00  0.00  
0.10  0.00  0.00  1.00  0.00  0.00  
0.00  0.10  0.00  0.00  1.00  0.00  
0.00  0.00  0.10  0.00  0.00  1.00  

B6: 
0.00  0.00  0.00  0.10  0.00  0.00  
0.00  0.00  0.00  0.00  0.10  0.00  
0.00  0.00  0.00  0.00  0.00  0.10  

d6: 
-9.00  
-9.00  
-9.00  
-9.00  
-9.00  
-9.00  

Q7: 
10.00  0.00  0.00  0.00  0.00  0.00  
0.00  10.00  0.00  0.00  0.00  0.00  
0.00  0.00  10.00  0.00  0.00  0.00  
0.00  0.00  0.00  10.00  0.00  0.00  
0.00  0.00  0.00  0.00  10.00  0.00  
0.00  0.00  0.00  0.00  0.00  10.00  

R7: 
0.00  0.00  0.00  
0.00  0.00  0.00  
0.00  0.00  0.00  

q7: 
160.00  
96.00  
32.00  
-32.00  
-96.00  
-160.00  

r7: 
-0.00  
-0.00  
-0.00  

A7: 
0.00  0.00  0.00  0.00  0.00  0.00  
0.00  0.00  0.00  0.00  0.00  0.00  
0.00  0.00  0.00  0.00  0.00  0.00  
0.00  0.00  0.00  0.00  0.00  0.00  
0.00  0.00  0.00  0.00  0.00  0.00  
0.00  0.00  0.00  0.00  0.00  0.00  

B7: 
0.00  0.00  0.00  0.00  0.00  0.00  
0.00  0.00  0.00  0.00  0.00  0.00  
0.00  0.00  0.00  0.00  0.00  0.00  

d7: 
-10.50  
-10.50  
-10.50  
-10.50  
-10.50  
-10.50  
