Run Test
Allocated memory
Launched Kernel
CHECK s_A_B: 1.000  0.000  0.000  0.000  0.000  0.000  
0.000  1.000  0.000  0.000  0.000  0.000  
0.000  0.000  1.000  0.000  0.000  0.000  
0.100  0.000  0.000  1.000  0.000  0.000  
0.000  0.100  0.000  0.000  1.000  0.000  
0.000  0.000  0.100  0.000  0.000  1.000  
CHECK s_F_Lambda: 1.000  0.000  0.000  0.000  0.000  0.000  
0.000  1.000  0.000  0.000  0.000  0.000  
0.000  0.000  1.000  0.000  0.000  0.000  
0.100  0.000  0.000  1.000  0.000  0.000  
0.000  0.100  0.000  0.000  1.000  0.000  
0.000  0.000  0.100  0.000  0.000  1.000  
