Run Test
Allocated memory
CHECK FINAL RESULTS
-6.955911  
-2.200000  
-2.665551  
-1.600000  
7.210198  
-1.000000  
1.000000  
-1.000000  
2.000000  
-2.000000  
3.000000  
-3.000000  
111.481407  
0.000000  
-88.240822  
-1.161049  
-4.740941  
1.935081  
-1.338374  
3.491760  
-1.443588  
4.000000  
3.808166  
0.800000  
-0.046430  
-2.400000  
-3.197922  
200.000000  
0.086131  
-200.000000  
-4.837719  
-1.495842  
-6.248394  
-0.754693  
0.139395  
-0.683344  
8.099816  
3.600000  
2.592341  
-1.200000  
0.775529  
-6.000000  
-37.539986  
0.000000  
-54.206532  
-4.500000  
-1.765953  
-4.500000  
33.799347  
-4.500000  
-24.527609  
8.000000  
10.828287  
1.600000  
34.793095  
-4.800000  
-29.774122  
400.000000  
-23.443302  
-400.000000  
3.776316  
-6.262265  
-0.222774  
-2.762995  
2.657444  
-2.563041  
15.862045  
6.000000  
3.002218  
-2.000000  
-3.175548  
-10.000000  
537.212585  
0.000000  
-463.456696  
4.077307  
-5.999159  
1.982544  
18.410791  
3.097881  
-20.879185  
12.000000  
-1.412755  
2.400000  
-71.570274  
-7.200000  
37.339787  
600.000000  
88.439728  
-600.000000  
-9.084153  
3.122394  
-9.070334  
66.696136  
-8.919520  
-51.599129  
21.939861  
8.400000  
13.807343  
-2.800000  
-3.452961  
-14.000000  
-105.501869  
0.000000  
-121.500313  
-10.500000  
9.679158  
-10.500000  
112.967484  
-10.500000  
-81.519447  
16.000000  
10.445999  
3.200000  
4.889999  
-9.599999  
-21.750000  
-0.000000  
-0.000000  
-0.000000  
done with cuda!

Solve Time:  8.0 ms 
CHECK FINAL RESULTS on host
-6.955911  
-2.200000  
-2.665551  
-1.600000  
7.210198  
-1.000000  
1.000000  
-1.000000  
2.000000  
-2.000000  
3.000000  
-3.000000  
111.481407  
0.000000  
-88.240822  
-1.161049  
-4.740941  
1.935081  
-1.338374  
3.491760  
-1.443588  
4.000000  
3.808166  
0.800000  
-0.046430  
-2.400000  
-3.197922  
200.000000  
0.086131  
-200.000000  
-4.837719  
-1.495842  
-6.248394  
-0.754693  
0.139395  
-0.683344  
8.099816  
3.600000  
2.592341  
-1.200000  
0.775529  
-6.000000  
-37.539986  
0.000000  
-54.206532  
-4.500000  
-1.765953  
-4.500000  
33.799347  
-4.500000  
-24.527609  
8.000000  
10.828287  
1.600000  
34.793095  
-4.800000  
-29.774122  
400.000000  
-23.443302  
-400.000000  
3.776316  
-6.262265  
-0.222774  
-2.762995  
2.657444  
-2.563041  
15.862045  
6.000000  
3.002218  
-2.000000  
-3.175548  
-10.000000  
537.212585  
0.000000  
-463.456696  
4.077307  
-5.999159  
1.982544  
18.410791  
3.097881  
-20.879185  
12.000000  
-1.412755  
2.400000  
-71.570274  
-7.200000  
37.339787  
600.000000  
88.439728  
-600.000000  
-9.084153  
3.122394  
-9.070334  
66.696136  
-8.919520  
-51.599129  
21.939861  
8.400000  
13.807343  
-2.800000  
-3.452961  
-14.000000  
-105.501869  
0.000000  
-121.500313  
-10.500000  
9.679158  
-10.500000  
112.967484  
-10.500000  
-81.519447  
16.000000  
10.445999  
3.200000  
4.889999  
-9.599999  
-21.750000  
-0.000000  
-0.000000  
-0.000000  
