Run Test
Allocated memory
Launched Kernel
CHECKING DATA AFTER SOLVE_LEAF
d0: 
-1.000  
-2.200  
1.600  
-1.600  
4.200  
-1.000  

q0: 
1.000  
-1.000  
2.000  
-2.000  
3.000  
-3.000  

r0: 
100.000  
0.000  
-100.000  

d1: 
-1.500  
-1.500  
-1.500  
-1.500  
-1.500  
-1.500  

q1: 
4.000  
2.400  
0.800  
-0.800  
-2.400  
-4.000  

r1: 
200.000  
0.000  
-200.000  

d2: 
-3.000  
-3.000  
-3.000  
-3.000  
-3.000  
-3.000  

q2: 
6.000  
3.600  
1.200  
-1.200  
-3.600  
-6.000  

r2: 
300.000  
0.000  
-300.000  

d3: 
-4.500  
-4.500  
-4.500  
-4.500  
-4.500  
-4.500  

q3: 
8.000  
4.800  
1.600  
-1.600  
-4.800  
-8.000  

r3: 
400.000  
0.000  
-400.000  

d4: 
-6.000  
-6.000  
-6.000  
-6.000  
-6.000  
-6.000  

q4: 
10.000  
6.000  
2.000  
-2.000  
-6.000  
-10.000  

r4: 
500.000  
0.000  
-500.000  

d5: 
-7.500  
-7.500  
-7.500  
-7.500  
-7.500  
-7.500  

q5: 
12.000  
7.200  
2.400  
-2.400  
-7.200  
-12.000  

r5: 
600.000  
0.000  
-600.000  

d6: 
-9.000  
-9.000  
-9.000  
-9.000  
-9.000  
-9.000  

q6: 
14.000  
8.400  
2.800  
-2.800  
-8.400  
-14.000  

r6: 
700.000  
0.000  
-700.000  

d7: 
-10.500  
-10.500  
-10.500  
-10.500  
-10.500  
-10.500  

q7: 
16.000  
9.600  
3.200  
-3.200  
-9.600  
-16.000  

r7: 
-0.000  
-0.000  
-0.000  
