Run Test
Allocated memory
Launched Kernel
CHECKING DATA AFTER SOLVE_LEAF
LEVEL 0

F_lambda[0]
-1.000  -0.000  -0.000  -0.000  -0.000  -0.000  
-0.000  -1.000  -0.000  -0.000  -0.000  -0.000  
-0.000  -0.000  -1.000  -0.000  -0.000  -0.000  
-0.100  -0.000  -0.000  -1.000  -0.000  -0.000  
-0.000  -0.100  -0.000  -0.000  -1.000  -0.000  
-0.000  -0.000  -0.100  -0.000  -0.000  -1.000  

F_state0: 
0.000  0.000  0.000  0.000  0.000  0.000  
0.000  0.000  0.000  0.000  0.000  0.000  
0.000  0.000  0.000  0.000  0.000  0.000  
0.000  0.000  0.000  0.000  0.000  0.000  
0.000  0.000  0.000  0.000  0.000  0.000  
0.000  0.000  0.000  0.000  0.000  0.000  

F_input0: 
0.500  0.000  0.000  10.000  0.000  0.000  
0.000  0.500  0.000  0.000  10.000  0.000  
0.000  0.000  0.500  0.000  0.000  10.000  

F_lambda[1]
0.000  0.000  0.000  0.000  0.000  0.000  
0.000  0.000  0.000  0.000  0.000  0.000  
0.000  0.000  0.000  0.000  0.000  0.000  
0.000  0.000  0.000  0.000  0.000  0.000  
0.000  0.000  0.000  0.000  0.000  0.000  
0.000  0.000  0.000  0.000  0.000  0.000  

F_state1: 
0.000  0.000  0.000  0.000  0.000  0.000  
0.000  0.000  0.000  0.000  0.000  0.000  
0.000  0.000  0.000  0.000  0.000  0.000  
0.000  0.000  0.000  0.000  0.000  0.000  
0.000  0.000  0.000  0.000  0.000  0.000  
0.000  0.000  0.000  0.000  0.000  0.000  

F_input1: 
0.000  0.000  0.000  0.000  0.000  0.000  
0.000  0.000  0.000  0.000  0.000  0.000  
0.000  0.000  0.000  0.000  0.000  0.000  

F_lambda[2]
0.000  0.000  0.000  0.000  0.000  0.000  
0.000  0.000  0.000  0.000  0.000  0.000  
0.000  0.000  0.000  0.000  0.000  0.000  
0.000  0.000  0.000  0.000  0.000  0.000  
0.000  0.000  0.000  0.000  0.000  0.000  
0.000  0.000  0.000  0.000  0.000  0.000  

F_state2: 
1.000  0.000  0.000  0.000  0.000  0.000  
0.000  1.000  0.000  0.000  0.000  0.000  
0.000  0.000  1.000  0.000  0.000  0.000  
0.100  0.000  0.000  1.000  0.000  0.000  
0.000  0.100  0.000  0.000  1.000  0.000  
0.000  0.000  0.100  0.000  0.000  1.000  

F_input2: 
0.500  0.000  0.000  10.000  0.000  0.000  
0.000  0.500  0.000  0.000  10.000  0.000  
0.000  0.000  0.500  0.000  0.000  10.000  

F_lambda[3]
0.000  0.000  0.000  0.000  0.000  0.000  
0.000  0.000  0.000  0.000  0.000  0.000  
0.000  0.000  0.000  0.000  0.000  0.000  
0.000  0.000  0.000  0.000  0.000  0.000  
0.000  0.000  0.000  0.000  0.000  0.000  
0.000  0.000  0.000  0.000  0.000  0.000  

F_state3: 
0.000  0.000  0.000  0.000  0.000  0.000  
0.000  0.000  0.000  0.000  0.000  0.000  
0.000  0.000  0.000  0.000  0.000  0.000  
0.000  0.000  0.000  0.000  0.000  0.000  
0.000  0.000  0.000  0.000  0.000  0.000  
0.000  0.000  0.000  0.000  0.000  0.000  

F_input3: 
0.000  0.000  0.000  0.000  0.000  0.000  
0.000  0.000  0.000  0.000  0.000  0.000  
0.000  0.000  0.000  0.000  0.000  0.000  

F_lambda[4]
0.000  0.000  0.000  0.000  0.000  0.000  
0.000  0.000  0.000  0.000  0.000  0.000  
0.000  0.000  0.000  0.000  0.000  0.000  
0.000  0.000  0.000  0.000  0.000  0.000  
0.000  0.000  0.000  0.000  0.000  0.000  
0.000  0.000  0.000  0.000  0.000  0.000  

F_state4: 
1.000  0.000  0.000  0.000  0.000  0.000  
0.000  1.000  0.000  0.000  0.000  0.000  
0.000  0.000  1.000  0.000  0.000  0.000  
0.100  0.000  0.000  1.000  0.000  0.000  
0.000  0.100  0.000  0.000  1.000  0.000  
0.000  0.000  0.100  0.000  0.000  1.000  

F_input4: 
0.500  0.000  0.000  10.000  0.000  0.000  
0.000  0.500  0.000  0.000  10.000  0.000  
0.000  0.000  0.500  0.000  0.000  10.000  

F_lambda[5]
0.000  0.000  0.000  0.000  0.000  0.000  
0.000  0.000  0.000  0.000  0.000  0.000  
0.000  0.000  0.000  0.000  0.000  0.000  
0.000  0.000  0.000  0.000  0.000  0.000  
0.000  0.000  0.000  0.000  0.000  0.000  
0.000  0.000  0.000  0.000  0.000  0.000  

F_state5: 
0.000  0.000  0.000  0.000  0.000  0.000  
0.000  0.000  0.000  0.000  0.000  0.000  
0.000  0.000  0.000  0.000  0.000  0.000  
0.000  0.000  0.000  0.000  0.000  0.000  
0.000  0.000  0.000  0.000  0.000  0.000  
0.000  0.000  0.000  0.000  0.000  0.000  

F_input5: 
0.000  0.000  0.000  0.000  0.000  0.000  
0.000  0.000  0.000  0.000  0.000  0.000  
0.000  0.000  0.000  0.000  0.000  0.000  

F_lambda[6]
0.000  0.000  0.000  0.000  0.000  0.000  
0.000  0.000  0.000  0.000  0.000  0.000  
0.000  0.000  0.000  0.000  0.000  0.000  
0.000  0.000  0.000  0.000  0.000  0.000  
0.000  0.000  0.000  0.000  0.000  0.000  
0.000  0.000  0.000  0.000  0.000  0.000  

F_state6: 
1.000  0.000  0.000  0.000  0.000  0.000  
0.000  1.000  0.000  0.000  0.000  0.000  
0.000  0.000  1.000  0.000  0.000  0.000  
0.100  0.000  0.000  1.000  0.000  0.000  
0.000  0.100  0.000  0.000  1.000  0.000  
0.000  0.000  0.100  0.000  0.000  1.000  

F_input6: 
0.500  0.000  0.000  10.000  0.000  0.000  
0.000  0.500  0.000  0.000  10.000  0.000  
0.000  0.000  0.500  0.000  0.000  10.000  

F_lambda[7]
0.000  0.000  0.000  0.000  0.000  0.000  
0.000  0.000  0.000  0.000  0.000  0.000  
0.000  0.000  0.000  0.000  0.000  0.000  
0.000  0.000  0.000  0.000  0.000  0.000  
0.000  0.000  0.000  0.000  0.000  0.000  
0.000  0.000  0.000  0.000  0.000  0.000  

F_state7: 
0.000  0.000  0.000  0.000  0.000  0.000  
0.000  0.000  0.000  0.000  0.000  0.000  
0.000  0.000  0.000  0.000  0.000  0.000  
0.000  0.000  0.000  0.000  0.000  0.000  
0.000  0.000  0.000  0.000  0.000  0.000  
0.000  0.000  0.000  0.000  0.000  0.000  

F_input7: 
0.000  0.000  0.000  0.000  0.000  0.000  
0.000  0.000  0.000  0.000  0.000  0.000  
0.000  0.000  0.000  0.000  0.000  0.000  

LEVEL 1

F_lambda[8]
0.000  0.000  0.000  0.000  0.000  0.000  
0.000  0.000  0.000  0.000  0.000  0.000  
0.000  0.000  0.000  0.000  0.000  0.000  
0.000  0.000  0.000  0.000  0.000  0.000  
0.000  0.000  0.000  0.000  0.000  0.000  
0.000  0.000  0.000  0.000  0.000  0.000  

F_state8: 
0.000  0.000  0.000  0.000  0.000  0.000  
0.000  0.000  0.000  0.000  0.000  0.000  
0.000  0.000  0.000  0.000  0.000  0.000  
0.000  0.000  0.000  0.000  0.000  0.000  
0.000  0.000  0.000  0.000  0.000  0.000  
0.000  0.000  0.000  0.000  0.000  0.000  

F_input8: 
0.000  0.000  0.000  0.000  0.000  0.000  
0.000  0.000  0.000  0.000  0.000  0.000  
0.000  0.000  0.000  0.000  0.000  0.000  

F_lambda[9]
0.000  0.000  0.000  0.000  0.000  0.000  
0.000  0.000  0.000  0.000  0.000  0.000  
0.000  0.000  0.000  0.000  0.000  0.000  
0.000  0.000  0.000  0.000  0.000  0.000  
0.000  0.000  0.000  0.000  0.000  0.000  
0.000  0.000  0.000  0.000  0.000  0.000  

F_state9: 
1.000  0.000  0.000  0.000  0.000  0.000  
0.000  1.000  0.000  0.000  0.000  0.000  
0.000  0.000  1.000  0.000  0.000  0.000  
0.100  0.000  0.000  1.000  0.000  0.000  
0.000  0.100  0.000  0.000  1.000  0.000  
0.000  0.000  0.100  0.000  0.000  1.000  

F_input9: 
0.500  0.000  0.000  10.000  0.000  0.000  
0.000  0.500  0.000  0.000  10.000  0.000  
0.000  0.000  0.500  0.000  0.000  10.000  

F_lambda[10]
0.000  0.000  0.000  0.000  0.000  0.000  
0.000  0.000  0.000  0.000  0.000  0.000  
0.000  0.000  0.000  0.000  0.000  0.000  
0.000  0.000  0.000  0.000  0.000  0.000  
0.000  0.000  0.000  0.000  0.000  0.000  
0.000  0.000  0.000  0.000  0.000  0.000  

F_state10: 
0.000  0.000  0.000  0.000  0.000  0.000  
0.000  0.000  0.000  0.000  0.000  0.000  
0.000  0.000  0.000  0.000  0.000  0.000  
0.000  0.000  0.000  0.000  0.000  0.000  
0.000  0.000  0.000  0.000  0.000  0.000  
0.000  0.000  0.000  0.000  0.000  0.000  

F_input10: 
0.000  0.000  0.000  0.000  0.000  0.000  
0.000  0.000  0.000  0.000  0.000  0.000  
0.000  0.000  0.000  0.000  0.000  0.000  

F_lambda[11]
0.000  0.000  0.000  0.000  0.000  0.000  
0.000  0.000  0.000  0.000  0.000  0.000  
0.000  0.000  0.000  0.000  0.000  0.000  
0.000  0.000  0.000  0.000  0.000  0.000  
0.000  0.000  0.000  0.000  0.000  0.000  
0.000  0.000  0.000  0.000  0.000  0.000  

F_state11: 
0.000  0.000  0.000  0.000  0.000  0.000  
0.000  0.000  0.000  0.000  0.000  0.000  
0.000  0.000  0.000  0.000  0.000  0.000  
0.000  0.000  0.000  0.000  0.000  0.000  
0.000  0.000  0.000  0.000  0.000  0.000  
0.000  0.000  0.000  0.000  0.000  0.000  

F_input11: 
0.000  0.000  0.000  0.000  0.000  0.000  
0.000  0.000  0.000  0.000  0.000  0.000  
0.000  0.000  0.000  0.000  0.000  0.000  

F_lambda[12]
0.000  0.000  0.000  0.000  0.000  0.000  
0.000  0.000  0.000  0.000  0.000  0.000  
0.000  0.000  0.000  0.000  0.000  0.000  
0.000  0.000  0.000  0.000  0.000  0.000  
0.000  0.000  0.000  0.000  0.000  0.000  
0.000  0.000  0.000  0.000  0.000  0.000  

F_state12: 
0.000  0.000  0.000  0.000  0.000  0.000  
0.000  0.000  0.000  0.000  0.000  0.000  
0.000  0.000  0.000  0.000  0.000  0.000  
0.000  0.000  0.000  0.000  0.000  0.000  
0.000  0.000  0.000  0.000  0.000  0.000  
0.000  0.000  0.000  0.000  0.000  0.000  

F_input12: 
0.000  0.000  0.000  0.000  0.000  0.000  
0.000  0.000  0.000  0.000  0.000  0.000  
0.000  0.000  0.000  0.000  0.000  0.000  

F_lambda[13]
0.000  0.000  0.000  0.000  0.000  0.000  
0.000  0.000  0.000  0.000  0.000  0.000  
0.000  0.000  0.000  0.000  0.000  0.000  
0.000  0.000  0.000  0.000  0.000  0.000  
0.000  0.000  0.000  0.000  0.000  0.000  
0.000  0.000  0.000  0.000  0.000  0.000  

F_state13: 
1.000  0.000  0.000  0.000  0.000  0.000  
0.000  1.000  0.000  0.000  0.000  0.000  
0.000  0.000  1.000  0.000  0.000  0.000  
0.100  0.000  0.000  1.000  0.000  0.000  
0.000  0.100  0.000  0.000  1.000  0.000  
0.000  0.000  0.100  0.000  0.000  1.000  

F_input13: 
0.500  0.000  0.000  10.000  0.000  0.000  
0.000  0.500  0.000  0.000  10.000  0.000  
0.000  0.000  0.500  0.000  0.000  10.000  

F_lambda[14]
0.000  0.000  0.000  0.000  0.000  0.000  
0.000  0.000  0.000  0.000  0.000  0.000  
0.000  0.000  0.000  0.000  0.000  0.000  
0.000  0.000  0.000  0.000  0.000  0.000  
0.000  0.000  0.000  0.000  0.000  0.000  
0.000  0.000  0.000  0.000  0.000  0.000  

F_state14: 
0.000  0.000  0.000  0.000  0.000  0.000  
0.000  0.000  0.000  0.000  0.000  0.000  
0.000  0.000  0.000  0.000  0.000  0.000  
0.000  0.000  0.000  0.000  0.000  0.000  
0.000  0.000  0.000  0.000  0.000  0.000  
0.000  0.000  0.000  0.000  0.000  0.000  

F_input14: 
0.000  0.000  0.000  0.000  0.000  0.000  
0.000  0.000  0.000  0.000  0.000  0.000  
0.000  0.000  0.000  0.000  0.000  0.000  

F_lambda[15]
0.000  0.000  0.000  0.000  0.000  0.000  
0.000  0.000  0.000  0.000  0.000  0.000  
0.000  0.000  0.000  0.000  0.000  0.000  
0.000  0.000  0.000  0.000  0.000  0.000  
0.000  0.000  0.000  0.000  0.000  0.000  
0.000  0.000  0.000  0.000  0.000  0.000  

F_state15: 
0.000  0.000  0.000  0.000  0.000  0.000  
0.000  0.000  0.000  0.000  0.000  0.000  
0.000  0.000  0.000  0.000  0.000  0.000  
0.000  0.000  0.000  0.000  0.000  0.000  
0.000  0.000  0.000  0.000  0.000  0.000  
0.000  0.000  0.000  0.000  0.000  0.000  

F_input15: 
0.000  0.000  0.000  0.000  0.000  0.000  
0.000  0.000  0.000  0.000  0.000  0.000  
0.000  0.000  0.000  0.000  0.000  0.000  

LEVEL 2

F_lambda[16]
0.000  0.000  0.000  0.000  0.000  0.000  
0.000  0.000  0.000  0.000  0.000  0.000  
0.000  0.000  0.000  0.000  0.000  0.000  
0.000  0.000  0.000  0.000  0.000  0.000  
0.000  0.000  0.000  0.000  0.000  0.000  
0.000  0.000  0.000  0.000  0.000  0.000  

F_state16: 
0.000  0.000  0.000  0.000  0.000  0.000  
0.000  0.000  0.000  0.000  0.000  0.000  
0.000  0.000  0.000  0.000  0.000  0.000  
0.000  0.000  0.000  0.000  0.000  0.000  
0.000  0.000  0.000  0.000  0.000  0.000  
0.000  0.000  0.000  0.000  0.000  0.000  

F_input16: 
0.000  0.000  0.000  0.000  0.000  0.000  
0.000  0.000  0.000  0.000  0.000  0.000  
0.000  0.000  0.000  0.000  0.000  0.000  

F_lambda[17]
0.000  0.000  0.000  0.000  0.000  0.000  
0.000  0.000  0.000  0.000  0.000  0.000  
0.000  0.000  0.000  0.000  0.000  0.000  
0.000  0.000  0.000  0.000  0.000  0.000  
0.000  0.000  0.000  0.000  0.000  0.000  
0.000  0.000  0.000  0.000  0.000  0.000  

F_state17: 
0.000  0.000  0.000  0.000  0.000  0.000  
0.000  0.000  0.000  0.000  0.000  0.000  
0.000  0.000  0.000  0.000  0.000  0.000  
0.000  0.000  0.000  0.000  0.000  0.000  
0.000  0.000  0.000  0.000  0.000  0.000  
0.000  0.000  0.000  0.000  0.000  0.000  

F_input17: 
0.000  0.000  0.000  0.000  0.000  0.000  
0.000  0.000  0.000  0.000  0.000  0.000  
0.000  0.000  0.000  0.000  0.000  0.000  

F_lambda[18]
0.000  0.000  0.000  0.000  0.000  0.000  
0.000  0.000  0.000  0.000  0.000  0.000  
0.000  0.000  0.000  0.000  0.000  0.000  
0.000  0.000  0.000  0.000  0.000  0.000  
0.000  0.000  0.000  0.000  0.000  0.000  
0.000  0.000  0.000  0.000  0.000  0.000  

F_state18: 
0.000  0.000  0.000  0.000  0.000  0.000  
0.000  0.000  0.000  0.000  0.000  0.000  
0.000  0.000  0.000  0.000  0.000  0.000  
0.000  0.000  0.000  0.000  0.000  0.000  
0.000  0.000  0.000  0.000  0.000  0.000  
0.000  0.000  0.000  0.000  0.000  0.000  

F_input18: 
0.000  0.000  0.000  0.000  0.000  0.000  
0.000  0.000  0.000  0.000  0.000  0.000  
0.000  0.000  0.000  0.000  0.000  0.000  

F_lambda[19]
0.000  0.000  0.000  0.000  0.000  0.000  
0.000  0.000  0.000  0.000  0.000  0.000  
0.000  0.000  0.000  0.000  0.000  0.000  
0.000  0.000  0.000  0.000  0.000  0.000  
0.000  0.000  0.000  0.000  0.000  0.000  
0.000  0.000  0.000  0.000  0.000  0.000  

F_state19: 
1.000  0.000  0.000  0.000  0.000  0.000  
0.000  1.000  0.000  0.000  0.000  0.000  
0.000  0.000  1.000  0.000  0.000  0.000  
0.100  0.000  0.000  1.000  0.000  0.000  
0.000  0.100  0.000  0.000  1.000  0.000  
0.000  0.000  0.100  0.000  0.000  1.000  

F_input19: 
0.500  0.000  0.000  10.000  0.000  0.000  
0.000  0.500  0.000  0.000  10.000  0.000  
0.000  0.000  0.500  0.000  0.000  10.000  

F_lambda[20]
0.000  0.000  0.000  0.000  0.000  0.000  
0.000  0.000  0.000  0.000  0.000  0.000  
0.000  0.000  0.000  0.000  0.000  0.000  
0.000  0.000  0.000  0.000  0.000  0.000  
0.000  0.000  0.000  0.000  0.000  0.000  
0.000  0.000  0.000  0.000  0.000  0.000  

F_state20: 
0.000  0.000  0.000  0.000  0.000  0.000  
0.000  0.000  0.000  0.000  0.000  0.000  
0.000  0.000  0.000  0.000  0.000  0.000  
0.000  0.000  0.000  0.000  0.000  0.000  
0.000  0.000  0.000  0.000  0.000  0.000  
0.000  0.000  0.000  0.000  0.000  0.000  

F_input20: 
0.000  0.000  0.000  0.000  0.000  0.000  
0.000  0.000  0.000  0.000  0.000  0.000  
0.000  0.000  0.000  0.000  0.000  0.000  

F_lambda[21]
0.000  0.000  0.000  0.000  0.000  0.000  
0.000  0.000  0.000  0.000  0.000  0.000  
0.000  0.000  0.000  0.000  0.000  0.000  
0.000  0.000  0.000  0.000  0.000  0.000  
0.000  0.000  0.000  0.000  0.000  0.000  
0.000  0.000  0.000  0.000  0.000  0.000  

F_state21: 
0.000  0.000  0.000  0.000  0.000  0.000  
0.000  0.000  0.000  0.000  0.000  0.000  
0.000  0.000  0.000  0.000  0.000  0.000  
0.000  0.000  0.000  0.000  0.000  0.000  
0.000  0.000  0.000  0.000  0.000  0.000  
0.000  0.000  0.000  0.000  0.000  0.000  

F_input21: 
0.000  0.000  0.000  0.000  0.000  0.000  
0.000  0.000  0.000  0.000  0.000  0.000  
0.000  0.000  0.000  0.000  0.000  0.000  

F_lambda[22]
0.000  0.000  0.000  0.000  0.000  0.000  
0.000  0.000  0.000  0.000  0.000  0.000  
0.000  0.000  0.000  0.000  0.000  0.000  
0.000  0.000  0.000  0.000  0.000  0.000  
0.000  0.000  0.000  0.000  0.000  0.000  
0.000  0.000  0.000  0.000  0.000  0.000  

F_state22: 
0.000  0.000  0.000  0.000  0.000  0.000  
0.000  0.000  0.000  0.000  0.000  0.000  
0.000  0.000  0.000  0.000  0.000  0.000  
0.000  0.000  0.000  0.000  0.000  0.000  
0.000  0.000  0.000  0.000  0.000  0.000  
0.000  0.000  0.000  0.000  0.000  0.000  

F_input22: 
0.000  0.000  0.000  0.000  0.000  0.000  
0.000  0.000  0.000  0.000  0.000  0.000  
0.000  0.000  0.000  0.000  0.000  0.000  

F_lambda[23]
0.000  0.000  0.000  0.000  0.000  0.000  
0.000  0.000  0.000  0.000  0.000  0.000  
0.000  0.000  0.000  0.000  0.000  0.000  
0.000  0.000  0.000  0.000  0.000  0.000  
0.000  0.000  0.000  0.000  0.000  0.000  
0.000  0.000  0.000  0.000  0.000  0.000  

F_state23: 
0.000  0.000  0.000  0.000  0.000  0.000  
0.000  0.000  0.000  0.000  0.000  0.000  
0.000  0.000  0.000  0.000  0.000  0.000  
0.000  0.000  0.000  0.000  0.000  0.000  
0.000  0.000  0.000  0.000  0.000  0.000  
0.000  0.000  0.000  0.000  0.000  0.000  

F_input23: 
0.000  0.000  0.000  0.000  0.000  0.000  
0.000  0.000  0.000  0.000  0.000  0.000  
0.000  0.000  0.000  0.000  0.000  0.000  
