Run Test
Allocated memory
launched successfully
Level 0count 4
0 2 4 6 -1 -1 -1 -1 done with the loop!
Level 1count 2
1 5 -1 -1 -1 -1 -1 -1 count 2, b_id 0
update shur for block 0,k 0, ind: 8
count 2, b_id 0
update shur for block 0,k 0, ind: 16
count 2, b_id 0
update shur for block 0,k 1, ind: 9
count 2, b_id 0
update shur for block 0,k 1, ind: 17
count 2, b_id 0
update shur for block 0,k 2, ind: 10
count 2, b_id 0
update shur for block 0,k 2, ind: 18
count 2, b_id 0
update shur for block 0,k 3, ind: 11
count 2, b_id 0
update shur for block 0,k 3, ind: 19
done with the loop!
Level 2count 1
3 -1 -1 -1 -1 -1 -1 -1 done with the loop!
fstate: check1: 1, checkall: 0,check1_prl: 1, chekallprl:1
ERROR!! FSTATE!CHECKING DATA AFTER loop
LEVEL 0

s_F_lambda #0: 
-1.000000  -0.000000  -0.000000  -0.000000  -0.000000  -0.000000  
-0.000000  -1.000000  -0.000000  -0.000000  -0.000000  -0.000000  
-0.000000  -0.000000  -1.000000  -0.000000  -0.000000  -0.000000  
-0.100000  -0.000000  -0.000000  -1.000000  -0.000000  -0.000000  
-0.000000  -0.100000  -0.000000  -0.000000  -1.000000  -0.000000  
-0.000000  -0.000000  -0.100000  -0.000000  -0.000000  -1.000000  

d_F_lambda #0: 
-1.000000  -0.000000  -0.000000  -0.000000  -0.000000  -0.000000  
-0.000000  -1.000000  -0.000000  -0.000000  -0.000000  -0.000000  
-0.000000  -0.000000  -1.000000  -0.000000  -0.000000  -0.000000  
-0.100000  -0.000000  -0.000000  -1.000000  -0.000000  -0.000000  
-0.000000  -0.100000  -0.000000  -0.000000  -1.000000  -0.000000  
-0.000000  -0.000000  -0.100000  -0.000000  -0.000000  -1.000000  

s_F_state #0: 
0.000000  0.000000  0.000000  0.000000  0.000000  0.000000  
0.000000  0.000000  0.000000  0.000000  0.000000  0.000000  
0.000000  0.000000  0.000000  0.000000  0.000000  0.000000  
0.000000  0.000000  0.000000  0.000000  0.000000  0.000000  
0.000000  0.000000  0.000000  0.000000  0.000000  0.000000  
0.000000  0.000000  0.000000  0.000000  0.000000  0.000000  

d_F_state #0: 
0.000000  0.000000  0.000000  0.000000  0.000000  0.000000  
0.000000  0.000000  0.000000  0.000000  0.000000  0.000000  
0.000000  0.000000  0.000000  0.000000  0.000000  0.000000  
0.000000  0.000000  0.000000  0.000000  0.000000  0.000000  
0.000000  0.000000  0.000000  0.000000  0.000000  0.000000  
0.000000  0.000000  0.000000  0.000000  0.000000  0.000000  

s_F_input #0: 
0.500000  0.000000  0.000000  10.000000  0.000000  0.000000  
0.000000  0.500000  0.000000  0.000000  10.000000  0.000000  
0.000000  0.000000  0.500000  0.000000  0.000000  10.000000  

d_F_input #0: 
0.500000  0.000000  0.000000  10.000000  0.000000  0.000000  
0.000000  0.500000  0.000000  0.000000  10.000000  0.000000  
0.000000  0.000000  0.500000  0.000000  0.000000  10.000000  

s_F_lambda #1: 
1.001249  0.000000  0.000000  0.050000  0.000000  0.000000  
0.000000  1.001249  0.000000  0.000000  0.050000  0.000000  
0.000000  0.000000  1.001249  0.000000  0.000000  0.050000  
0.049938  0.000000  0.000000  1.413332  0.000000  0.000000  
0.000000  0.049938  0.000000  0.000000  1.413332  0.000000  
0.000000  0.000000  0.049938  0.000000  0.000000  1.413332  

d_F_lambda #1: 
1.001249  0.000000  0.000000  0.050000  0.000000  0.000000  
0.000000  1.001249  0.000000  0.000000  0.050000  0.000000  
0.000000  0.000000  1.001249  0.000000  0.000000  0.050000  
0.049938  0.000000  0.000000  1.413332  0.000000  0.000000  
0.000000  0.049938  0.000000  0.000000  1.413332  0.000000  
0.000000  0.000000  0.049938  0.000000  0.000000  1.413332  

s_F_state #1: 
-1.000000  0.000000  0.000000  0.000000  0.000000  0.000000  
0.000000  -1.000000  0.000000  0.000000  0.000000  0.000000  
0.000000  0.000000  -1.000000  0.000000  0.000000  0.000000  
0.000000  0.000000  0.000000  -1.000000  0.000000  0.000000  
0.000000  0.000000  0.000000  0.000000  -1.000000  0.000000  
0.000000  0.000000  0.000000  0.000000  0.000000  -1.000000  

d_F_state #1: 
-1.000000  0.000000  0.000000  0.000000  0.000000  0.000000  
0.000000  -1.000000  0.000000  0.000000  0.000000  0.000000  
0.000000  0.000000  -1.000000  0.000000  0.000000  0.000000  
0.000000  0.000000  0.000000  -1.000000  0.000000  0.000000  
0.000000  0.000000  0.000000  0.000000  -1.000000  0.000000  
0.000000  0.000000  0.000000  0.000000  0.000000  -1.000000  

s_F_input #1: 
0.000000  0.000000  0.000000  0.000000  0.000000  0.000000  
0.000000  0.000000  0.000000  0.000000  0.000000  0.000000  
0.000000  0.000000  0.000000  0.000000  0.000000  0.000000  

d_F_input #1: 
0.000000  0.000000  0.000000  0.000000  0.000000  0.000000  
0.000000  0.000000  0.000000  0.000000  0.000000  0.000000  
0.000000  0.000000  0.000000  0.000000  0.000000  0.000000  

s_F_lambda #2: 
0.000000  0.000000  0.000000  0.000000  0.000000  0.000000  
0.000000  0.000000  0.000000  0.000000  0.000000  0.000000  
0.000000  0.000000  0.000000  0.000000  0.000000  0.000000  
0.000000  0.000000  0.000000  0.000000  0.000000  0.000000  
0.000000  0.000000  0.000000  0.000000  0.000000  0.000000  
0.000000  0.000000  0.000000  0.000000  0.000000  0.000000  

d_F_lambda #2: 
0.000000  0.000000  0.000000  0.000000  0.000000  0.000000  
0.000000  0.000000  0.000000  0.000000  0.000000  0.000000  
0.000000  0.000000  0.000000  0.000000  0.000000  0.000000  
0.000000  0.000000  0.000000  0.000000  0.000000  0.000000  
0.000000  0.000000  0.000000  0.000000  0.000000  0.000000  
0.000000  0.000000  0.000000  0.000000  0.000000  0.000000  

s_F_state #2: 
1.000000  0.000000  0.000000  0.000000  0.000000  0.000000  
0.000000  1.000000  0.000000  0.000000  0.000000  0.000000  
0.000000  0.000000  1.000000  0.000000  0.000000  0.000000  
0.100000  0.000000  0.000000  1.000000  0.000000  0.000000  
0.000000  0.100000  0.000000  0.000000  1.000000  0.000000  
0.000000  0.000000  0.100000  0.000000  0.000000  1.000000  

d_F_state #2: 
1.000000  0.000000  0.000000  0.000000  0.000000  0.000000  
0.000000  1.000000  0.000000  0.000000  0.000000  0.000000  
0.000000  0.000000  1.000000  0.000000  0.000000  0.000000  
0.100000  0.000000  0.000000  1.000000  0.000000  0.000000  
0.000000  0.100000  0.000000  0.000000  1.000000  0.000000  
0.000000  0.000000  0.100000  0.000000  0.000000  1.000000  

s_F_input #2: 
0.500000  0.000000  0.000000  10.000000  0.000000  0.000000  
0.000000  0.500000  0.000000  0.000000  10.000000  0.000000  
0.000000  0.000000  0.500000  0.000000  0.000000  10.000000  

d_F_input #2: 
0.500000  0.000000  0.000000  10.000000  0.000000  0.000000  
0.000000  0.500000  0.000000  0.000000  10.000000  0.000000  
0.000000  0.000000  0.500000  0.000000  0.000000  10.000000  

s_F_lambda #3: 
1.418626  0.000000  0.000000  0.150000  0.000000  0.000000  
0.000000  1.418626  0.000000  0.000000  0.150000  0.000000  
0.000000  0.000000  1.418626  0.000000  0.000000  0.150000  
0.105736  0.000000  0.000000  1.728820  0.000000  0.000000  
0.000000  0.105736  0.000000  0.000000  1.728820  0.000000  
0.000000  0.000000  0.105736  0.000000  0.000000  1.728820  

d_F_lambda #3: 
1.418626  0.000000  0.000000  0.150000  0.000000  0.000000  
0.000000  1.418626  0.000000  0.000000  0.150000  0.000000  
0.000000  0.000000  1.418626  0.000000  0.000000  0.150000  
0.105736  0.000000  0.000000  1.728820  0.000000  0.000000  
0.000000  0.105736  0.000000  0.000000  1.728820  0.000000  
0.000000  0.000000  0.105736  0.000000  0.000000  1.728820  

s_F_state #3: 
-1.000000  0.000000  0.000000  0.000000  0.000000  0.000000  
0.000000  -1.000000  0.000000  0.000000  0.000000  0.000000  
0.000000  0.000000  -1.000000  0.000000  0.000000  0.000000  
0.000000  0.000000  0.000000  -1.000000  0.000000  0.000000  
0.000000  0.000000  0.000000  0.000000  -1.000000  0.000000  
0.000000  0.000000  0.000000  0.000000  0.000000  -1.000000  

d_F_state #3: 
-1.000000  0.000000  0.000000  0.000000  0.000000  0.000000  
0.000000  -1.000000  0.000000  0.000000  0.000000  0.000000  
0.000000  0.000000  -1.000000  0.000000  0.000000  0.000000  
0.000000  0.000000  0.000000  -1.000000  0.000000  0.000000  
0.000000  0.000000  0.000000  0.000000  -1.000000  0.000000  
0.000000  0.000000  0.000000  0.000000  0.000000  -1.000000  

s_F_input #3: 
0.000000  0.000000  0.000000  0.000000  0.000000  0.000000  
0.000000  0.000000  0.000000  0.000000  0.000000  0.000000  
0.000000  0.000000  0.000000  0.000000  0.000000  0.000000  

d_F_input #3: 
0.000000  0.000000  0.000000  0.000000  0.000000  0.000000  
0.000000  0.000000  0.000000  0.000000  0.000000  0.000000  
0.000000  0.000000  0.000000  0.000000  0.000000  0.000000  

s_F_lambda #4: 
0.000000  0.000000  0.000000  0.000000  0.000000  0.000000  
0.000000  0.000000  0.000000  0.000000  0.000000  0.000000  
0.000000  0.000000  0.000000  0.000000  0.000000  0.000000  
0.000000  0.000000  0.000000  0.000000  0.000000  0.000000  
0.000000  0.000000  0.000000  0.000000  0.000000  0.000000  
0.000000  0.000000  0.000000  0.000000  0.000000  0.000000  

d_F_lambda #4: 
0.000000  0.000000  0.000000  0.000000  0.000000  0.000000  
0.000000  0.000000  0.000000  0.000000  0.000000  0.000000  
0.000000  0.000000  0.000000  0.000000  0.000000  0.000000  
0.000000  0.000000  0.000000  0.000000  0.000000  0.000000  
0.000000  0.000000  0.000000  0.000000  0.000000  0.000000  
0.000000  0.000000  0.000000  0.000000  0.000000  0.000000  

s_F_state #4: 
1.000000  0.000000  0.000000  0.000000  0.000000  0.000000  
0.000000  1.000000  0.000000  0.000000  0.000000  0.000000  
0.000000  0.000000  1.000000  0.000000  0.000000  0.000000  
0.100000  0.000000  0.000000  1.000000  0.000000  0.000000  
0.000000  0.100000  0.000000  0.000000  1.000000  0.000000  
0.000000  0.000000  0.100000  0.000000  0.000000  1.000000  

d_F_state #4: 
1.000000  0.000000  0.000000  0.000000  0.000000  0.000000  
0.000000  1.000000  0.000000  0.000000  0.000000  0.000000  
0.000000  0.000000  1.000000  0.000000  0.000000  0.000000  
0.100000  0.000000  0.000000  1.000000  0.000000  0.000000  
0.000000  0.100000  0.000000  0.000000  1.000000  0.000000  
0.000000  0.000000  0.100000  0.000000  0.000000  1.000000  

s_F_input #4: 
0.500000  0.000000  0.000000  10.000000  0.000000  0.000000  
0.000000  0.500000  0.000000  0.000000  10.000000  0.000000  
0.000000  0.000000  0.500000  0.000000  0.000000  10.000000  

d_F_input #4: 
0.500000  0.000000  0.000000  10.000000  0.000000  0.000000  
0.000000  0.500000  0.000000  0.000000  10.000000  0.000000  
0.000000  0.000000  0.500000  0.000000  0.000000  10.000000  

s_F_lambda #5: 
1.418626  0.000000  0.000000  0.150000  0.000000  0.000000  
0.000000  1.418626  0.000000  0.000000  0.150000  0.000000  
0.000000  0.000000  1.418626  0.000000  0.000000  0.150000  
0.105736  0.000000  0.000000  1.728820  0.000000  0.000000  
0.000000  0.105736  0.000000  0.000000  1.728820  0.000000  
0.000000  0.000000  0.105736  0.000000  0.000000  1.728820  

d_F_lambda #5: 
1.418626  0.000000  0.000000  0.150000  0.000000  0.000000  
0.000000  1.418626  0.000000  0.000000  0.150000  0.000000  
0.000000  0.000000  1.418626  0.000000  0.000000  0.150000  
0.105736  0.000000  0.000000  1.728820  0.000000  0.000000  
0.000000  0.105736  0.000000  0.000000  1.728820  0.000000  
0.000000  0.000000  0.105736  0.000000  0.000000  1.728820  

s_F_state #5: 
-1.000000  0.000000  0.000000  0.000000  0.000000  0.000000  
0.000000  -1.000000  0.000000  0.000000  0.000000  0.000000  
0.000000  0.000000  -1.000000  0.000000  0.000000  0.000000  
0.000000  0.000000  0.000000  -1.000000  0.000000  0.000000  
0.000000  0.000000  0.000000  0.000000  -1.000000  0.000000  
0.000000  0.000000  0.000000  0.000000  0.000000  -1.000000  

d_F_state #5: 
-1.000000  0.000000  0.000000  0.000000  0.000000  0.000000  
0.000000  -1.000000  0.000000  0.000000  0.000000  0.000000  
0.000000  0.000000  -1.000000  0.000000  0.000000  0.000000  
0.000000  0.000000  0.000000  -1.000000  0.000000  0.000000  
0.000000  0.000000  0.000000  0.000000  -1.000000  0.000000  
0.000000  0.000000  0.000000  0.000000  0.000000  -1.000000  

s_F_input #5: 
0.000000  0.000000  0.000000  0.000000  0.000000  0.000000  
0.000000  0.000000  0.000000  0.000000  0.000000  0.000000  
0.000000  0.000000  0.000000  0.000000  0.000000  0.000000  

d_F_input #5: 
0.000000  0.000000  0.000000  0.000000  0.000000  0.000000  
0.000000  0.000000  0.000000  0.000000  0.000000  0.000000  
0.000000  0.000000  0.000000  0.000000  0.000000  0.000000  

s_F_lambda #6: 
0.000000  0.000000  0.000000  0.000000  0.000000  0.000000  
0.000000  0.000000  0.000000  0.000000  0.000000  0.000000  
0.000000  0.000000  0.000000  0.000000  0.000000  0.000000  
0.000000  0.000000  0.000000  0.000000  0.000000  0.000000  
0.000000  0.000000  0.000000  0.000000  0.000000  0.000000  
0.000000  0.000000  0.000000  0.000000  0.000000  0.000000  

d_F_lambda #6: 
0.000000  0.000000  0.000000  0.000000  0.000000  0.000000  
0.000000  0.000000  0.000000  0.000000  0.000000  0.000000  
0.000000  0.000000  0.000000  0.000000  0.000000  0.000000  
0.000000  0.000000  0.000000  0.000000  0.000000  0.000000  
0.000000  0.000000  0.000000  0.000000  0.000000  0.000000  
0.000000  0.000000  0.000000  0.000000  0.000000  0.000000  

s_F_state #6: 
1.000000  0.000000  0.000000  0.000000  0.000000  0.000000  
0.000000  1.000000  0.000000  0.000000  0.000000  0.000000  
0.000000  0.000000  1.000000  0.000000  0.000000  0.000000  
0.100000  0.000000  0.000000  1.000000  0.000000  0.000000  
0.000000  0.100000  0.000000  0.000000  1.000000  0.000000  
0.000000  0.000000  0.100000  0.000000  0.000000  1.000000  

d_F_state #6: 
1.000000  0.000000  0.000000  0.000000  0.000000  0.000000  
0.000000  1.000000  0.000000  0.000000  0.000000  0.000000  
0.000000  0.000000  1.000000  0.000000  0.000000  0.000000  
0.100000  0.000000  0.000000  1.000000  0.000000  0.000000  
0.000000  0.100000  0.000000  0.000000  1.000000  0.000000  
0.000000  0.000000  0.100000  0.000000  0.000000  1.000000  

s_F_input #6: 
0.500000  0.000000  0.000000  10.000000  0.000000  0.000000  
0.000000  0.500000  0.000000  0.000000  10.000000  0.000000  
0.000000  0.000000  0.500000  0.000000  0.000000  10.000000  

d_F_input #6: 
0.500000  0.000000  0.000000  10.000000  0.000000  0.000000  
0.000000  0.500000  0.000000  0.000000  10.000000  0.000000  
0.000000  0.000000  0.500000  0.000000  0.000000  10.000000  

s_F_lambda #7: 
0.000000  0.000000  0.000000  0.000000  0.000000  0.000000  
0.000000  0.000000  0.000000  0.000000  0.000000  0.000000  
0.000000  0.000000  0.000000  0.000000  0.000000  0.000000  
0.000000  0.000000  0.000000  0.000000  0.000000  0.000000  
0.000000  0.000000  0.000000  0.000000  0.000000  0.000000  
0.000000  0.000000  0.000000  0.000000  0.000000  0.000000  

d_F_lambda #7: 
1.054751  0.000000  0.000000  0.150000  0.000000  0.000000  
0.000000  1.054751  0.000000  0.000000  0.150000  0.000000  
0.000000  0.000000  1.054751  0.000000  0.000000  0.150000  
0.142214  0.000000  0.000000  1.442142  0.000000  0.000000  
0.000000  0.142214  0.000000  0.000000  1.442142  0.000000  
0.000000  0.000000  0.142214  0.000000  0.000000  1.442142  

s_F_state #7: 
0.000000  0.000000  0.000000  0.000000  0.000000  0.000000  
0.000000  0.000000  0.000000  0.000000  0.000000  0.000000  
0.000000  0.000000  0.000000  0.000000  0.000000  0.000000  
0.000000  0.000000  0.000000  0.000000  0.000000  0.000000  
0.000000  0.000000  0.000000  0.000000  0.000000  0.000000  
0.000000  0.000000  0.000000  0.000000  0.000000  0.000000  

d_F_state #7: 
-0.100000  0.000000  0.000000  0.000000  0.000000  0.000000  
0.000000  -0.100000  0.000000  0.000000  0.000000  0.000000  
0.000000  0.000000  -0.100000  0.000000  0.000000  0.000000  
0.000000  0.000000  0.000000  -0.100000  0.000000  0.000000  
0.000000  0.000000  0.000000  0.000000  -0.100000  0.000000  
0.000000  0.000000  0.000000  0.000000  0.000000  -0.100000  

s_F_input #7: 
0.000000  0.000000  0.000000  0.000000  0.000000  0.000000  
0.000000  0.000000  0.000000  0.000000  0.000000  0.000000  
0.000000  0.000000  0.000000  0.000000  0.000000  0.000000  

d_F_input #7: 
0.000000  0.000000  0.000000  0.000000  0.000000  0.000000  
0.000000  0.000000  0.000000  0.000000  0.000000  0.000000  
0.000000  0.000000  0.000000  0.000000  0.000000  0.000000  

LEVEL 1

s_F_lambda #8: 
-0.996255  0.000000  0.000000  0.024969  0.000000  0.000000  
0.000000  -0.996255  0.000000  0.000000  0.024969  0.000000  
0.000000  0.000000  -0.996255  0.000000  0.000000  0.024969  
-0.124719  0.000000  0.000000  -0.498127  0.000000  0.000000  
0.000000  -0.124719  0.000000  0.000000  -0.498127  0.000000  
0.000000  0.000000  -0.124719  0.000000  0.000000  -0.498127  

d_F_lambda #8: 
-0.996255  0.000000  0.000000  0.024969  0.000000  0.000000  
0.000000  -0.996255  0.000000  0.000000  0.024969  0.000000  
0.000000  0.000000  -0.996255  0.000000  0.000000  0.024969  
-0.124719  0.000000  0.000000  -0.498127  0.000000  0.000000  
0.000000  -0.124719  0.000000  0.000000  -0.498127  0.000000  
0.000000  0.000000  -0.124719  0.000000  0.000000  -0.498127  

s_F_state #8: 
0.000000  0.000000  0.000000  0.000000  0.000000  0.000000  
0.000000  0.000000  0.000000  0.000000  0.000000  0.000000  
0.000000  0.000000  0.000000  0.000000  0.000000  0.000000  
0.000000  0.000000  0.000000  0.000000  0.000000  0.000000  
0.000000  0.000000  0.000000  0.000000  0.000000  0.000000  
0.000000  0.000000  0.000000  0.000000  0.000000  0.000000  

d_F_state #8: 
0.000000  0.000000  0.000000  0.000000  0.000000  0.000000  
0.000000  0.000000  0.000000  0.000000  0.000000  0.000000  
0.000000  0.000000  0.000000  0.000000  0.000000  0.000000  
0.000000  0.000000  0.000000  0.000000  0.000000  0.000000  
0.000000  0.000000  0.000000  0.000000  0.000000  0.000000  
0.000000  0.000000  0.000000  0.000000  0.000000  0.000000  

s_F_input #8: 
0.749064  0.000000  0.000000  4.993757  0.000000  0.000000  
0.000000  0.749064  0.000000  0.000000  4.993757  0.000000  
0.000000  0.000000  0.749064  0.000000  0.000000  4.993757  

d_F_input #8: 
0.749064  0.000000  0.000000  4.993757  0.000000  0.000000  
0.000000  0.749064  0.000000  0.000000  4.993757  0.000000  
0.000000  0.000000  0.749064  0.000000  0.000000  4.993757  

s_F_lambda #9: 
-0.996255  0.000000  0.000000  0.024969  0.000000  0.000000  
0.000000  -0.996255  0.000000  0.000000  0.024969  0.000000  
0.000000  0.000000  -0.996255  0.000000  0.000000  0.024969  
-0.025094  0.000000  0.000000  -0.500624  0.000000  0.000000  
0.000000  -0.025094  0.000000  0.000000  -0.500624  0.000000  
0.000000  0.000000  -0.025094  0.000000  0.000000  -0.500624  

d_F_lambda #9: 
-0.996255  0.000000  0.000000  0.024969  0.000000  0.000000  
0.000000  -0.996255  0.000000  0.000000  0.024969  0.000000  
0.000000  0.000000  -0.996255  0.000000  0.000000  0.024969  
-0.025094  0.000000  0.000000  -0.500624  0.000000  0.000000  
0.000000  -0.025094  0.000000  0.000000  -0.500624  0.000000  
0.000000  0.000000  -0.025094  0.000000  0.000000  -0.500624  

s_F_state #9: 
0.003745  0.000000  0.000000  0.024969  0.000000  0.000000  
0.000000  0.003745  0.000000  0.000000  0.024969  0.000000  
0.000000  0.000000  0.003745  0.000000  0.000000  0.024969  
0.074906  0.000000  0.000000  0.499376  0.000000  0.000000  
0.000000  0.074906  0.000000  0.000000  0.499376  0.000000  
0.000000  0.000000  0.074906  0.000000  0.000000  0.499376  

d_F_state #9: 
0.003745  0.000000  0.000000  0.024969  0.000000  0.000000  
0.000000  0.003745  0.000000  0.000000  0.024969  0.000000  
0.000000  0.000000  0.003745  0.000000  0.000000  0.024969  
0.074906  0.000000  0.000000  0.499376  0.000000  0.000000  
0.000000  0.074906  0.000000  0.000000  0.499376  0.000000  
0.000000  0.000000  0.074906  0.000000  0.000000  0.499376  

s_F_input #9: 
0.500000  0.000000  0.000000  10.000000  0.000000  0.000000  
0.000000  0.500000  0.000000  0.000000  10.000000  0.000000  
0.000000  0.000000  0.500000  0.000000  0.000000  10.000000  

d_F_input #9: 
0.500000  0.000000  0.000000  10.000000  0.000000  0.000000  
0.000000  0.500000  0.000000  0.000000  10.000000  0.000000  
0.000000  0.000000  0.500000  0.000000  0.000000  10.000000  

s_F_lambda #10: 
0.717623  0.000000  0.000000  0.099969  0.000000  0.000000  
0.000000  0.717623  0.000000  0.000000  0.099969  0.000000  
0.000000  0.000000  0.717623  0.000000  0.000000  0.099969  
0.139305  0.000000  0.000000  1.464715  0.000000  0.000000  
0.000000  0.139305  0.000000  0.000000  1.464715  0.000000  
0.000000  0.000000  0.139305  0.000000  0.000000  1.464715  

d_F_lambda #10: 
0.717623  0.000000  0.000000  0.099969  0.000000  0.000000  
0.000000  0.717623  0.000000  0.000000  0.099969  0.000000  
0.000000  0.000000  0.717623  0.000000  0.000000  0.099969  
0.139305  0.000000  0.000000  1.464715  0.000000  0.000000  
0.000000  0.139305  0.000000  0.000000  1.464715  0.000000  
0.000000  0.000000  0.139305  0.000000  0.000000  1.464715  

s_F_state #10: 
-0.501247  0.000000  0.000000  0.024938  0.000000  0.000000  
0.000000  -0.501247  0.000000  0.000000  0.024938  0.000000  
0.000000  0.000000  -0.501247  0.000000  0.000000  0.024938  
0.024938  0.000000  0.000000  -0.665420  0.000000  0.000000  
0.000000  0.024938  0.000000  0.000000  -0.665420  0.000000  
0.000000  0.000000  0.024938  0.000000  0.000000  -0.665420  

d_F_state #10: 
-0.501247  0.000000  0.000000  0.024938  0.000000  0.000000  
0.000000  -0.501247  0.000000  0.000000  0.024938  0.000000  
0.000000  0.000000  -0.501247  0.000000  0.000000  0.024938  
0.024938  0.000000  0.000000  -0.665420  0.000000  0.000000  
0.000000  0.024938  0.000000  0.000000  -0.665420  0.000000  
0.000000  0.000000  0.024938  0.000000  0.000000  -0.665420  

s_F_input #10: 
-0.000000  0.000000  0.000000  3.333333  0.000000  0.000000  
0.000000  -0.000000  0.000000  0.000000  3.333333  0.000000  
0.000000  0.000000  -0.000000  0.000000  0.000000  3.333333  

d_F_input #10: 
-0.000000  0.000000  0.000000  3.333333  0.000000  0.000000  
0.000000  -0.000000  0.000000  0.000000  3.333333  0.000000  
0.000000  0.000000  -0.000000  0.000000  0.000000  3.333333  

s_F_lambda #11: 
-0.498753  0.000000  0.000000  -0.024938  0.000000  0.000000  
0.000000  -0.498753  0.000000  0.000000  -0.024938  0.000000  
0.000000  0.000000  -0.498753  0.000000  0.000000  -0.024938  
0.024938  0.000000  0.000000  -0.332086  0.000000  0.000000  
0.000000  0.024938  0.000000  0.000000  -0.332086  0.000000  
0.000000  0.000000  0.024938  0.000000  0.000000  -0.332086  

d_F_lambda #11: 
-0.498753  0.000000  0.000000  -0.024938  0.000000  0.000000  
0.000000  -0.498753  0.000000  0.000000  -0.024938  0.000000  
0.000000  0.000000  -0.498753  0.000000  0.000000  -0.024938  
0.024938  0.000000  0.000000  -0.332086  0.000000  0.000000  
0.000000  0.024938  0.000000  0.000000  -0.332086  0.000000  
0.000000  0.000000  0.024938  0.000000  0.000000  -0.332086  

s_F_state #11: 
-0.498753  0.000000  0.000000  -0.024938  0.000000  0.000000  
0.000000  -0.498753  0.000000  0.000000  -0.024938  0.000000  
0.000000  0.000000  -0.498753  0.000000  0.000000  -0.024938  
0.024938  0.000000  0.000000  -0.332086  0.000000  0.000000  
0.000000  0.024938  0.000000  0.000000  -0.332086  0.000000  
0.000000  0.000000  0.024938  0.000000  0.000000  -0.332086  

d_F_state #11: 
-0.498753  0.000000  0.000000  -0.024938  0.000000  0.000000  
0.000000  -0.498753  0.000000  0.000000  -0.024938  0.000000  
0.000000  0.000000  -0.498753  0.000000  0.000000  -0.024938  
0.024938  0.000000  0.000000  -0.332086  0.000000  0.000000  
0.000000  0.024938  0.000000  0.000000  -0.332086  0.000000  
0.000000  0.000000  0.024938  0.000000  0.000000  -0.332086  

s_F_input #11: 
0.000000  0.000000  0.000000  0.000000  0.000000  0.000000  
0.000000  0.000000  0.000000  0.000000  0.000000  0.000000  
0.000000  0.000000  0.000000  0.000000  0.000000  0.000000  

d_F_input #11: 
0.000000  0.000000  0.000000  0.000000  0.000000  0.000000  
0.000000  0.000000  0.000000  0.000000  0.000000  0.000000  
0.000000  0.000000  0.000000  0.000000  0.000000  0.000000  

s_F_lambda #12: 
0.000000  0.000000  0.000000  0.000000  0.000000  0.000000  
0.000000  0.000000  0.000000  0.000000  0.000000  0.000000  
0.000000  0.000000  0.000000  0.000000  0.000000  0.000000  
0.000000  0.000000  0.000000  0.000000  0.000000  0.000000  
0.000000  0.000000  0.000000  0.000000  0.000000  0.000000  
0.000000  0.000000  0.000000  0.000000  0.000000  0.000000  

d_F_lambda #12: 
0.000000  0.000000  0.000000  0.000000  0.000000  0.000000  
0.000000  0.000000  0.000000  0.000000  0.000000  0.000000  
0.000000  0.000000  0.000000  0.000000  0.000000  0.000000  
0.000000  0.000000  0.000000  0.000000  0.000000  0.000000  
0.000000  0.000000  0.000000  0.000000  0.000000  0.000000  
0.000000  0.000000  0.000000  0.000000  0.000000  0.000000  

s_F_state #12: 
0.496259  0.000000  0.000000  -0.024938  0.000000  0.000000  
0.000000  0.496259  0.000000  0.000000  -0.024938  0.000000  
0.000000  0.000000  0.496259  0.000000  0.000000  -0.024938  
0.058146  0.000000  0.000000  0.332086  0.000000  0.000000  
0.000000  0.058146  0.000000  0.000000  0.332086  0.000000  
0.000000  0.000000  0.058146  0.000000  0.000000  0.332086  

d_F_state #12: 
0.496259  0.000000  0.000000  -0.024938  0.000000  0.000000  
0.000000  0.496259  0.000000  0.000000  -0.024938  0.000000  
0.000000  0.000000  0.496259  0.000000  0.000000  -0.024938  
0.058146  0.000000  0.000000  0.332086  0.000000  0.000000  
0.000000  0.058146  0.000000  0.000000  0.332086  0.000000  
0.000000  0.000000  0.058146  0.000000  0.000000  0.332086  

s_F_input #12: 
0.333333  0.000000  0.000000  3.333333  0.000000  0.000000  
0.000000  0.333333  0.000000  0.000000  3.333333  0.000000  
0.000000  0.000000  0.333333  0.000000  0.000000  3.333333  

d_F_input #12: 
0.333333  0.000000  0.000000  3.333333  0.000000  0.000000  
0.000000  0.333333  0.000000  0.000000  3.333333  0.000000  
0.000000  0.000000  0.333333  0.000000  0.000000  3.333333  

s_F_lambda #13: 
-0.496259  0.000000  0.000000  0.024938  0.000000  0.000000  
0.000000  -0.496259  0.000000  0.000000  0.024938  0.000000  
0.000000  0.000000  -0.496259  0.000000  0.000000  0.024938  
-0.008520  0.000000  0.000000  -0.334580  0.000000  0.000000  
0.000000  -0.008520  0.000000  0.000000  -0.334580  0.000000  
0.000000  0.000000  -0.008520  0.000000  0.000000  -0.334580  

d_F_lambda #13: 
-0.496259  0.000000  0.000000  0.024938  0.000000  0.000000  
0.000000  -0.496259  0.000000  0.000000  0.024938  0.000000  
0.000000  0.000000  -0.496259  0.000000  0.000000  0.024938  
-0.008520  0.000000  0.000000  -0.334580  0.000000  0.000000  
0.000000  -0.008520  0.000000  0.000000  -0.334580  0.000000  
0.000000  0.000000  -0.008520  0.000000  0.000000  -0.334580  

s_F_state #13: 
0.503741  0.000000  0.000000  0.024938  0.000000  0.000000  
0.000000  0.503741  0.000000  0.000000  0.024938  0.000000  
0.000000  0.000000  0.503741  0.000000  0.000000  0.024938  
0.091480  0.000000  0.000000  0.665420  0.000000  0.000000  
0.000000  0.091480  0.000000  0.000000  0.665420  0.000000  
0.000000  0.000000  0.091480  0.000000  0.000000  0.665420  

d_F_state #13: 
0.503741  0.000000  0.000000  0.024938  0.000000  0.000000  
0.000000  0.503741  0.000000  0.000000  0.024938  0.000000  
0.000000  0.000000  0.503741  0.000000  0.000000  0.024938  
0.091480  0.000000  0.000000  0.665420  0.000000  0.000000  
0.000000  0.091480  0.000000  0.000000  0.665420  0.000000  
0.000000  0.000000  0.091480  0.000000  0.000000  0.665420  

s_F_input #13: 
0.500000  0.000000  0.000000  10.000000  0.000000  0.000000  
0.000000  0.500000  0.000000  0.000000  10.000000  0.000000  
0.000000  0.000000  0.500000  0.000000  0.000000  10.000000  

d_F_input #13: 
0.500000  0.000000  0.000000  10.000000  0.000000  0.000000  
0.000000  0.500000  0.000000  0.000000  10.000000  0.000000  
0.000000  0.000000  0.500000  0.000000  0.000000  10.000000  

s_F_lambda #14: 
0.000000  0.000000  0.000000  0.000000  0.000000  0.000000  
0.000000  0.000000  0.000000  0.000000  0.000000  0.000000  
0.000000  0.000000  0.000000  0.000000  0.000000  0.000000  
0.000000  0.000000  0.000000  0.000000  0.000000  0.000000  
0.000000  0.000000  0.000000  0.000000  0.000000  0.000000  
0.000000  0.000000  0.000000  0.000000  0.000000  0.000000  

d_F_lambda #14: 
0.779597  0.000000  0.000000  0.115548  0.000000  0.000000  
0.000000  0.779597  0.000000  0.000000  0.115548  0.000000  
0.000000  0.000000  0.779597  0.000000  0.000000  0.115548  
0.148215  0.000000  0.000000  1.471911  0.000000  0.000000  
0.000000  0.148215  0.000000  0.000000  1.471911  0.000000  
0.000000  0.000000  0.148215  0.000000  0.000000  1.471911  

s_F_state #14: 
-1.000000  0.000000  0.000000  0.000000  0.000000  0.000000  
0.000000  -1.000000  0.000000  0.000000  0.000000  0.000000  
0.000000  0.000000  -1.000000  0.000000  0.000000  0.000000  
0.000000  0.000000  0.000000  -1.000000  0.000000  0.000000  
0.000000  0.000000  0.000000  0.000000  -1.000000  0.000000  
0.000000  0.000000  0.000000  0.000000  0.000000  -1.000000  

d_F_state #14: 
-0.092382  0.000000  0.000000  0.025932  0.000000  0.000000  
0.000000  -0.092382  0.000000  0.000000  0.025932  0.000000  
0.000000  0.000000  -0.092382  0.000000  0.000000  0.025932  
0.025932  0.000000  0.000000  -0.523069  0.000000  0.000000  
0.000000  0.025932  0.000000  0.000000  -0.523069  0.000000  
0.000000  0.000000  0.025932  0.000000  0.000000  -0.523069  

s_F_input #14: 
0.000000  0.000000  0.000000  0.000000  0.000000  0.000000  
0.000000  0.000000  0.000000  0.000000  0.000000  0.000000  
0.000000  0.000000  0.000000  0.000000  0.000000  0.000000  

d_F_input #14: 
-0.194490  0.000000  0.000000  4.756349  0.000000  0.000000  
0.000000  -0.194490  0.000000  0.000000  4.756349  0.000000  
0.000000  0.000000  -0.194490  0.000000  0.000000  4.756349  

s_F_lambda #15: 
0.000000  0.000000  0.000000  0.000000  0.000000  0.000000  
0.000000  0.000000  0.000000  0.000000  0.000000  0.000000  
0.000000  0.000000  0.000000  0.000000  0.000000  0.000000  
0.000000  0.000000  0.000000  0.000000  0.000000  0.000000  
0.000000  0.000000  0.000000  0.000000  0.000000  0.000000  
0.000000  0.000000  0.000000  0.000000  0.000000  0.000000  

d_F_lambda #15: 
-0.907618  0.000000  0.000000  -0.025932  0.000000  0.000000  
0.000000  -0.907618  0.000000  0.000000  -0.025932  0.000000  
0.000000  0.000000  -0.907618  0.000000  0.000000  -0.025932  
0.064830  0.000000  0.000000  -0.474338  0.000000  0.000000  
0.000000  0.064830  0.000000  0.000000  -0.474338  0.000000  
0.000000  0.000000  0.064830  0.000000  0.000000  -0.474338  

s_F_state #15: 
0.000000  0.000000  0.000000  0.000000  0.000000  0.000000  
0.000000  0.000000  0.000000  0.000000  0.000000  0.000000  
0.000000  0.000000  0.000000  0.000000  0.000000  0.000000  
0.000000  0.000000  0.000000  0.000000  0.000000  0.000000  
0.000000  0.000000  0.000000  0.000000  0.000000  0.000000  
0.000000  0.000000  0.000000  0.000000  0.000000  0.000000  

d_F_state #15: 
-0.090762  0.000000  0.000000  -0.002593  0.000000  0.000000  
0.000000  -0.090762  0.000000  0.000000  -0.002593  0.000000  
0.000000  0.000000  -0.090762  0.000000  0.000000  -0.002593  
0.006483  0.000000  0.000000  -0.047434  0.000000  0.000000  
0.000000  0.006483  0.000000  0.000000  -0.047434  0.000000  
0.000000  0.000000  0.006483  0.000000  0.000000  -0.047434  

s_F_input #15: 
0.000000  0.000000  0.000000  0.000000  0.000000  0.000000  
0.000000  0.000000  0.000000  0.000000  0.000000  0.000000  
0.000000  0.000000  0.000000  0.000000  0.000000  0.000000  

d_F_input #15: 
0.000000  0.000000  0.000000  0.000000  0.000000  0.000000  
0.000000  0.000000  0.000000  0.000000  0.000000  0.000000  
0.000000  0.000000  0.000000  0.000000  0.000000  0.000000  

LEVEL 2

s_F_lambda #16: 
-0.963920  0.000000  0.000000  0.082536  0.000000  0.000000  
0.000000  -0.963920  0.000000  0.000000  0.082536  0.000000  
0.000000  0.000000  -0.963920  0.000000  0.000000  0.082536  
-0.111749  0.000000  0.000000  -0.068388  0.000000  0.000000  
0.000000  -0.111749  0.000000  0.000000  -0.068388  0.000000  
0.000000  0.000000  -0.111749  0.000000  0.000000  -0.068388  

d_F_lambda #16: 
-0.963920  0.000000  0.000000  0.082536  0.000000  0.000000  
0.000000  -0.963920  0.000000  0.000000  0.082536  0.000000  
0.000000  0.000000  -0.963920  0.000000  0.000000  0.082536  
-0.111749  0.000000  0.000000  -0.068388  0.000000  0.000000  
0.000000  -0.111749  0.000000  0.000000  -0.068388  0.000000  
0.000000  0.000000  -0.111749  0.000000  0.000000  -0.068388  

s_F_state #16: 
0.000000  0.000000  0.000000  0.000000  0.000000  0.000000  
0.000000  0.000000  0.000000  0.000000  0.000000  0.000000  
0.000000  0.000000  0.000000  0.000000  0.000000  0.000000  
0.000000  0.000000  0.000000  0.000000  0.000000  0.000000  
0.000000  0.000000  0.000000  0.000000  0.000000  0.000000  
0.000000  0.000000  0.000000  0.000000  0.000000  0.000000  

d_F_state #16: 
0.000000  0.000000  0.000000  0.000000  0.000000  0.000000  
0.000000  0.000000  0.000000  0.000000  0.000000  0.000000  
0.000000  0.000000  0.000000  0.000000  0.000000  0.000000  
0.000000  0.000000  0.000000  0.000000  0.000000  0.000000  
0.000000  0.000000  0.000000  0.000000  0.000000  0.000000  
0.000000  0.000000  0.000000  0.000000  0.000000  0.000000  

s_F_input #16: 
0.635529  0.000000  0.000000  0.725147  0.000000  0.000000  
0.000000  0.635529  0.000000  0.000000  0.725147  0.000000  
0.000000  0.000000  0.635529  0.000000  0.000000  0.725147  

d_F_input #16: 
0.635529  0.000000  0.000000  0.725147  0.000000  0.000000  
0.000000  0.635529  0.000000  0.000000  0.725147  0.000000  
0.000000  0.000000  0.635529  0.000000  0.000000  0.725147  

s_F_lambda #17: 
-0.963920  0.000000  0.000000  0.082536  0.000000  0.000000  
0.000000  -0.963920  0.000000  0.000000  0.082536  0.000000  
0.000000  0.000000  -0.963920  0.000000  0.000000  0.082536  
-0.015357  0.000000  0.000000  -0.076641  0.000000  0.000000  
0.000000  -0.015357  0.000000  0.000000  -0.076641  0.000000  
0.000000  0.000000  -0.015357  0.000000  0.000000  -0.076641  

d_F_lambda #17: 
-0.963920  0.000000  0.000000  0.082536  0.000000  0.000000  
0.000000  -0.963920  0.000000  0.000000  0.082536  0.000000  
0.000000  0.000000  -0.963920  0.000000  0.000000  0.082536  
-0.015357  0.000000  0.000000  -0.076641  0.000000  0.000000  
0.000000  -0.015357  0.000000  0.000000  -0.076641  0.000000  
0.000000  0.000000  -0.015357  0.000000  0.000000  -0.076641  

s_F_state #17: 
0.003178  0.000000  0.000000  0.003626  0.000000  0.000000  
0.000000  0.003178  0.000000  0.000000  0.003626  0.000000  
0.000000  0.000000  0.003178  0.000000  0.000000  0.003626  
0.063553  0.000000  0.000000  0.072515  0.000000  0.000000  
0.000000  0.063553  0.000000  0.000000  0.072515  0.000000  
0.000000  0.000000  0.063553  0.000000  0.000000  0.072515  

d_F_state #17: 
0.003178  0.000000  0.000000  0.003626  0.000000  0.000000  
0.000000  0.003178  0.000000  0.000000  0.003626  0.000000  
0.000000  0.000000  0.003178  0.000000  0.000000  0.003626  
0.063553  0.000000  0.000000  0.072515  0.000000  0.000000  
0.000000  0.063553  0.000000  0.000000  0.072515  0.000000  
0.000000  0.000000  0.063553  0.000000  0.000000  0.072515  

s_F_input #17: 
0.305550  0.000000  0.000000  1.531016  0.000000  0.000000  
0.000000  0.305550  0.000000  0.000000  1.531016  0.000000  
0.000000  0.000000  0.305550  0.000000  0.000000  1.531016  

d_F_input #17: 
0.305550  0.000000  0.000000  1.531016  0.000000  0.000000  
0.000000  0.305550  0.000000  0.000000  1.531016  0.000000  
0.000000  0.000000  0.305550  0.000000  0.000000  1.531016  

s_F_lambda #18: 
-0.967098  0.000000  0.000000  0.078910  0.000000  0.000000  
0.000000  -0.967098  0.000000  0.000000  0.078910  0.000000  
0.000000  0.000000  -0.967098  0.000000  0.000000  0.078910  
0.017800  0.000000  0.000000  -0.157047  0.000000  0.000000  
0.000000  0.017800  0.000000  0.000000  -0.157047  0.000000  
0.000000  0.000000  0.017800  0.000000  0.000000  -0.157047  

d_F_lambda #18: 
-0.967098  0.000000  0.000000  0.078910  0.000000  0.000000  
0.000000  -0.967098  0.000000  0.000000  0.078910  0.000000  
0.000000  0.000000  -0.967098  0.000000  0.000000  0.078910  
0.017800  0.000000  0.000000  -0.157047  0.000000  0.000000  
0.000000  0.017800  0.000000  0.000000  -0.157047  0.000000  
0.000000  0.000000  0.017800  0.000000  0.000000  -0.157047  

s_F_state #18: 
0.011061  0.000000  0.000000  0.018532  0.000000  0.000000  
0.000000  0.011061  0.000000  0.000000  0.018532  0.000000  
0.000000  0.000000  0.011061  0.000000  0.000000  0.018532  
0.094108  0.000000  0.000000  0.225616  0.000000  0.000000  
0.000000  0.094108  0.000000  0.000000  0.225616  0.000000  
0.000000  0.000000  0.094108  0.000000  0.000000  0.225616  

d_F_state #18: 
0.011061  0.000000  0.000000  0.018532  0.000000  0.000000  
0.000000  0.011061  0.000000  0.000000  0.018532  0.000000  
0.000000  0.000000  0.011061  0.000000  0.000000  0.018532  
0.094108  0.000000  0.000000  0.225616  0.000000  0.000000  
0.000000  0.094108  0.000000  0.000000  0.225616  0.000000  
0.000000  0.000000  0.094108  0.000000  0.000000  0.225616  

s_F_input #18: 
0.274000  0.000000  0.000000  3.856824  0.000000  0.000000  
0.000000  0.274000  0.000000  0.000000  3.856824  0.000000  
0.000000  0.000000  0.274000  0.000000  0.000000  3.856824  

d_F_input #18: 
0.274000  0.000000  0.000000  3.856824  0.000000  0.000000  
0.000000  0.274000  0.000000  0.000000  3.856824  0.000000  
0.000000  0.000000  0.274000  0.000000  0.000000  3.856824  

s_F_lambda #19: 
-0.978159  0.000000  0.000000  0.060378  0.000000  0.000000  
0.000000  -0.978159  0.000000  0.000000  0.060378  0.000000  
0.000000  0.000000  -0.978159  0.000000  0.000000  0.060378  
0.021508  0.000000  0.000000  -0.388701  0.000000  0.000000  
0.000000  0.021508  0.000000  0.000000  -0.388701  0.000000  
0.000000  0.000000  0.021508  0.000000  0.000000  -0.388701  

d_F_lambda #19: 
-0.978159  0.000000  0.000000  0.060378  0.000000  0.000000  
0.000000  -0.978159  0.000000  0.000000  0.060378  0.000000  
0.000000  0.000000  -0.978159  0.000000  0.000000  0.060378  
0.021508  0.000000  0.000000  -0.388701  0.000000  0.000000  
0.000000  0.021508  0.000000  0.000000  -0.388701  0.000000  
0.000000  0.000000  0.021508  0.000000  0.000000  -0.388701  

s_F_state #19: 
0.021841  0.000000  0.000000  0.060378  0.000000  0.000000  
0.000000  0.021841  0.000000  0.000000  0.060378  0.000000  
0.000000  0.000000  0.021841  0.000000  0.000000  0.060378  
0.121508  0.000000  0.000000  0.611299  0.000000  0.000000  
0.000000  0.121508  0.000000  0.000000  0.611299  0.000000  
0.000000  0.000000  0.121508  0.000000  0.000000  0.611299  

d_F_state #19: 
0.021841  0.000000  0.000000  0.060378  0.000000  0.000000  
0.000000  0.021841  0.000000  0.000000  0.060378  0.000000  
0.000000  0.000000  0.021841  0.000000  0.000000  0.060378  
0.121508  0.000000  0.000000  0.611299  0.000000  0.000000  
0.000000  0.121508  0.000000  0.000000  0.611299  0.000000  
0.000000  0.000000  0.121508  0.000000  0.000000  0.611299  

s_F_input #19: 
0.500000  0.000000  0.000000  10.000000  0.000000  0.000000  
0.000000  0.500000  0.000000  0.000000  10.000000  0.000000  
0.000000  0.000000  0.500000  0.000000  0.000000  10.000000  

d_F_input #19: 
0.500000  0.000000  0.000000  10.000000  0.000000  0.000000  
0.000000  0.500000  0.000000  0.000000  10.000000  0.000000  
0.000000  0.000000  0.500000  0.000000  0.000000  10.000000  

s_F_lambda #20: 
0.354914  0.000000  0.000000  0.116768  0.000000  0.000000  
0.000000  0.354914  0.000000  0.000000  0.116768  0.000000  
0.000000  0.000000  0.354914  0.000000  0.000000  0.116768  
0.329003  0.000000  0.000000  1.454422  0.000000  0.000000  
0.000000  0.329003  0.000000  0.000000  1.454422  0.000000  
0.000000  0.000000  0.329003  0.000000  0.000000  1.454422  

d_F_lambda #20: 
0.354914  0.000000  0.000000  0.116768  0.000000  0.000000  
0.000000  0.354914  0.000000  0.000000  0.116768  0.000000  
0.000000  0.000000  0.354914  0.000000  0.000000  0.116768  
0.329003  0.000000  0.000000  1.454422  0.000000  0.000000  
0.000000  0.329003  0.000000  0.000000  1.454422  0.000000  
0.000000  0.000000  0.329003  0.000000  0.000000  1.454422  

s_F_state #20: 
-0.089472  0.000000  0.000000  0.054740  0.000000  0.000000  
0.000000  -0.089472  0.000000  0.000000  0.054740  0.000000  
0.000000  0.000000  -0.089472  0.000000  0.000000  0.054740  
0.054740  0.000000  0.000000  -0.612287  0.000000  0.000000  
0.000000  0.054740  0.000000  0.000000  -0.612287  0.000000  
0.000000  0.000000  0.054740  0.000000  0.000000  -0.612287  

d_F_state #20: 
-0.089472  0.000000  0.000000  0.054740  0.000000  0.000000  
0.000000  -0.089472  0.000000  0.000000  0.054740  0.000000  
0.000000  0.000000  -0.089472  0.000000  0.000000  0.054740  
0.054740  0.000000  0.000000  -0.612287  0.000000  0.000000  
0.000000  0.054740  0.000000  0.000000  -0.612287  0.000000  
0.000000  0.000000  0.054740  0.000000  0.000000  -0.612287  

s_F_input #20: 
0.092136  0.000000  0.000000  3.849762  0.000000  0.000000  
0.000000  0.092136  0.000000  0.000000  3.849762  0.000000  
0.000000  0.000000  0.092136  0.000000  0.000000  3.849762  

d_F_input #20: 
0.092136  0.000000  0.000000  3.849762  0.000000  0.000000  
0.000000  0.092136  0.000000  0.000000  3.849762  0.000000  
0.000000  0.000000  0.092136  0.000000  0.000000  3.849762  

s_F_lambda #21: 
-0.498753  0.000000  0.000000  -0.024938  0.000000  0.000000  
0.000000  -0.498753  0.000000  0.000000  -0.024938  0.000000  
0.000000  0.000000  -0.498753  0.000000  0.000000  -0.024938  
0.024938  0.000000  0.000000  -0.332086  0.000000  0.000000  
0.000000  0.024938  0.000000  0.000000  -0.332086  0.000000  
0.000000  0.000000  0.024938  0.000000  0.000000  -0.332086  

d_F_lambda #21: 
-0.910528  0.000000  0.000000  -0.054740  0.000000  0.000000  
0.000000  -0.910528  0.000000  0.000000  -0.054740  0.000000  
0.000000  0.000000  -0.910528  0.000000  0.000000  -0.054740  
0.036313  0.000000  0.000000  -0.382239  0.000000  0.000000  
0.000000  0.036313  0.000000  0.000000  -0.382239  0.000000  
0.000000  0.000000  0.036313  0.000000  0.000000  -0.382239  

s_F_state #21: 
-0.498753  0.000000  0.000000  -0.024938  0.000000  0.000000  
0.000000  -0.498753  0.000000  0.000000  -0.024938  0.000000  
0.000000  0.000000  -0.498753  0.000000  0.000000  -0.024938  
0.024938  0.000000  0.000000  -0.332086  0.000000  0.000000  
0.000000  0.024938  0.000000  0.000000  -0.332086  0.000000  
0.000000  0.000000  0.024938  0.000000  0.000000  -0.332086  

d_F_state #21: 
-0.083537  0.000000  0.000000  0.012760  0.000000  0.000000  
0.000000  -0.083537  0.000000  0.000000  0.012760  0.000000  
0.000000  0.000000  -0.083537  0.000000  0.000000  0.012760  
0.063954  0.000000  0.000000  -0.227311  0.000000  0.000000  
0.000000  0.063954  0.000000  0.000000  -0.227311  0.000000  
0.000000  0.000000  0.063954  0.000000  0.000000  -0.227311  

s_F_input #21: 
0.000000  0.000000  0.000000  0.000000  0.000000  0.000000  
0.000000  0.000000  0.000000  0.000000  0.000000  0.000000  
0.000000  0.000000  0.000000  0.000000  0.000000  0.000000  

d_F_input #21: 
-0.137088  0.000000  0.000000  1.515535  0.000000  0.000000  
0.000000  -0.137088  0.000000  0.000000  1.515535  0.000000  
0.000000  0.000000  -0.137088  0.000000  0.000000  1.515535  

s_F_lambda #22: 
0.000000  0.000000  0.000000  0.000000  0.000000  0.000000  
0.000000  0.000000  0.000000  0.000000  0.000000  0.000000  
0.000000  0.000000  0.000000  0.000000  0.000000  0.000000  
0.000000  0.000000  0.000000  0.000000  0.000000  0.000000  
0.000000  0.000000  0.000000  0.000000  0.000000  0.000000  
0.000000  0.000000  0.000000  0.000000  0.000000  0.000000  

d_F_lambda #22: 
-0.826991  0.000000  0.000000  -0.067500  0.000000  0.000000  
0.000000  -0.826991  0.000000  0.000000  -0.067500  0.000000  
0.000000  0.000000  -0.826991  0.000000  0.000000  -0.067500  
0.055058  0.000000  0.000000  -0.148179  0.000000  0.000000  
0.000000  0.055058  0.000000  0.000000  -0.148179  0.000000  
0.000000  0.000000  0.055058  0.000000  0.000000  -0.148179  

s_F_state #22: 
0.000000  0.000000  0.000000  0.000000  0.000000  0.000000  
0.000000  0.000000  0.000000  0.000000  0.000000  0.000000  
0.000000  0.000000  0.000000  0.000000  0.000000  0.000000  
0.000000  0.000000  0.000000  0.000000  0.000000  0.000000  
0.000000  0.000000  0.000000  0.000000  0.000000  0.000000  
0.000000  0.000000  0.000000  0.000000  0.000000  0.000000  

d_F_state #22: 
-0.077827  0.000000  0.000000  -0.002393  0.000000  0.000000  
0.000000  -0.077827  0.000000  0.000000  -0.002393  0.000000  
0.000000  0.000000  -0.077827  0.000000  0.000000  -0.002393  
0.050245  0.000000  0.000000  -0.075757  0.000000  0.000000  
0.000000  0.050245  0.000000  0.000000  -0.075757  0.000000  
0.000000  0.000000  0.050245  0.000000  0.000000  -0.075757  

s_F_input #22: 
0.000000  0.000000  0.000000  0.000000  0.000000  0.000000  
0.000000  0.000000  0.000000  0.000000  0.000000  0.000000  
0.000000  0.000000  0.000000  0.000000  0.000000  0.000000  

d_F_input #22: 
-0.422718  0.000000  0.000000  0.691661  0.000000  0.000000  
0.000000  -0.422718  0.000000  0.000000  0.691661  0.000000  
0.000000  0.000000  -0.422718  0.000000  0.000000  0.691661  

s_F_lambda #23: 
0.000000  0.000000  0.000000  0.000000  0.000000  0.000000  
0.000000  0.000000  0.000000  0.000000  0.000000  0.000000  
0.000000  0.000000  0.000000  0.000000  0.000000  0.000000  
0.000000  0.000000  0.000000  0.000000  0.000000  0.000000  
0.000000  0.000000  0.000000  0.000000  0.000000  0.000000  
0.000000  0.000000  0.000000  0.000000  0.000000  0.000000  

d_F_lambda #23: 
-0.749164  0.000000  0.000000  -0.065107  0.000000  0.000000  
0.000000  -0.749164  0.000000  0.000000  -0.065107  0.000000  
0.000000  0.000000  -0.749164  0.000000  0.000000  -0.065107  
0.079730  0.000000  0.000000  -0.065911  0.000000  0.000000  
0.000000  0.079730  0.000000  0.000000  -0.065911  0.000000  
0.000000  0.000000  0.079730  0.000000  0.000000  -0.065911  

s_F_state #23: 
0.000000  0.000000  0.000000  0.000000  0.000000  0.000000  
0.000000  0.000000  0.000000  0.000000  0.000000  0.000000  
0.000000  0.000000  0.000000  0.000000  0.000000  0.000000  
0.000000  0.000000  0.000000  0.000000  0.000000  0.000000  
0.000000  0.000000  0.000000  0.000000  0.000000  0.000000  
0.000000  0.000000  0.000000  0.000000  0.000000  0.000000  

d_F_state #23: 
-0.074916  0.000000  0.000000  -0.006511  0.000000  0.000000  
0.000000  -0.074916  0.000000  0.000000  -0.006511  0.000000  
0.000000  0.000000  -0.074916  0.000000  0.000000  -0.006511  
0.007973  0.000000  0.000000  -0.006591  0.000000  0.000000  
0.000000  0.007973  0.000000  0.000000  -0.006591  0.000000  
0.000000  0.000000  0.007973  0.000000  0.000000  -0.006591  

s_F_input #23: 
0.000000  0.000000  0.000000  0.000000  0.000000  0.000000  
0.000000  0.000000  0.000000  0.000000  0.000000  0.000000  
0.000000  0.000000  0.000000  0.000000  0.000000  0.000000  

d_F_input #23: 
0.000000  0.000000  0.000000  0.000000  0.000000  0.000000  
0.000000  0.000000  0.000000  0.000000  0.000000  0.000000  
0.000000  0.000000  0.000000  0.000000  0.000000  0.000000  

s_d0: 
-1.000000  -2.200000  1.600000  -1.600000  4.200000  -1.000000  

d_d0: 
-1.000000  -2.200000  1.600000  -1.600000  4.200000  -1.000000  

s_q0: 
1.000000  -1.000000  2.000000  -2.000000  3.000000  -3.000000  

d_q0: 
1.000000  -1.000000  2.000000  -2.000000  3.000000  -3.000000  

s_r0: 
100.000000  0.000000  -100.000000  

d_r0: 
100.000000  0.000000  -100.000000  

s_d1: 
-1.500000  -1.500000  1.500000  1.500000  1.500000  1.500000  

d_d1: 
-1.500000  -1.500000  -1.500000  -1.500000  -1.500000  -1.500000  

s_q1: 
-4.000000  -2.400000  -0.800000  0.800000  2.400000  4.000000  

d_q1: 
4.000000  2.400000  0.800000  -0.800000  -2.400000  -4.000000  

s_r1: 
-2.000000  0.000000  2.000000  

d_r1: 
200.000000  0.000000  -200.000000  

s_d2: 
-3.000000  -3.000000  -3.000000  -3.000000  -3.000000  -3.000000  

d_d2: 
-3.000000  -3.000000  -3.000000  -3.000000  -3.000000  -3.000000  

s_q2: 
6.000000  3.600000  1.200000  -1.200000  -3.600000  -6.000000  

d_q2: 
6.000000  3.600000  1.200000  -1.200000  -3.600000  -6.000000  

s_r2: 
300.000000  0.000000  -300.000000  

d_r2: 
300.000000  0.000000  -300.000000  

s_d3: 
-4.500000  -4.500000  4.500000  4.500000  4.500000  4.500000  

d_d3: 
-4.500000  -4.500000  -4.500000  -4.500000  -4.500000  -4.500000  

s_q3: 
-8.000000  -4.800000  -1.600000  1.600000  4.800000  8.000000  

d_q3: 
8.000000  4.800000  1.600000  -1.600000  -4.800000  -8.000000  

s_r3: 
-4.000000  0.000000  4.000000  

d_r3: 
400.000000  0.000000  -400.000000  

s_d4: 
-6.000000  -6.000000  -6.000000  -6.000000  -6.000000  -6.000000  

d_d4: 
-6.000000  -6.000000  -6.000000  -6.000000  -6.000000  -6.000000  

s_q4: 
10.000000  6.000000  2.000000  -2.000000  -6.000000  -10.000000  

d_q4: 
10.000000  6.000000  2.000000  -2.000000  -6.000000  -10.000000  

s_r4: 
500.000000  0.000000  -500.000000  

d_r4: 
500.000000  0.000000  -500.000000  

s_d5: 
-7.500000  -7.500000  7.500000  7.500000  7.500000  7.500000  

d_d5: 
-7.500000  -7.500000  -7.500000  -7.500000  -7.500000  -7.500000  

s_q5: 
-12.000000  -7.200000  -2.400000  2.400000  7.200000  12.000000  

d_q5: 
12.000000  7.200000  2.400000  -2.400000  -7.200000  -12.000000  

s_r5: 
-6.000000  0.000000  6.000000  

d_r5: 
600.000000  0.000000  -600.000000  

s_d6: 
-9.000000  -9.000000  -9.000000  -9.000000  -9.000000  -9.000000  

d_d6: 
-9.000000  -9.000000  -9.000000  -9.000000  -9.000000  -9.000000  

s_q6: 
14.000000  8.400000  2.800000  -2.800000  -8.400000  -14.000000  

d_q6: 
14.000000  8.400000  2.800000  -2.800000  -8.400000  -14.000000  

s_r6: 
700.000000  0.000000  -700.000000  

d_r6: 
700.000000  0.000000  -700.000000  

s_d7: 
-10.500000  -10.500000  10.500000  10.500000  10.500000  10.500000  

d_d7: 
-10.500000  -10.500000  -10.500000  -10.500000  -10.500000  -10.500000  

s_q7: 
-160.000000  -96.000000  -32.000000  32.000000  96.000000  160.000000  

d_q7: 
16.000000  9.599999  3.200000  -3.200000  -9.599999  -16.000000  

s_r7: 
0.000000  0.000000  0.000000  

d_r7: 
-0.000000  -0.000000  -0.000000  
done with cuda!

Solve Time:  100.3 ms 
CHECK FINAL RESULTS on host
-1.000000  
-2.200000  
1.600000  
-1.600000  
4.200000  
-1.000000  
1.000000  
-1.000000  
2.000000  
-2.000000  
3.000000  
-3.000000  
100.000000  
0.000000  
-100.000000  
-1.500000  
-1.500000  
-1.500000  
-1.500000  
-1.500000  
-1.500000  
4.000000  
2.400000  
0.800000  
-0.800000  
-2.400000  
-4.000000  
200.000000  
0.000000  
-200.000000  
-3.000000  
-3.000000  
-3.000000  
-3.000000  
-3.000000  
-3.000000  
6.000000  
3.600000  
1.200000  
-1.200000  
-3.600000  
-6.000000  
300.000000  
0.000000  
-300.000000  
-4.500000  
-4.500000  
-4.500000  
-4.500000  
-4.500000  
-4.500000  
8.000000  
4.800000  
1.600000  
-1.600000  
-4.800000  
-8.000000  
400.000000  
0.000000  
-400.000000  
-6.000000  
-6.000000  
-6.000000  
-6.000000  
-6.000000  
-6.000000  
10.000000  
6.000000  
2.000000  
-2.000000  
-6.000000  
-10.000000  
500.000000  
0.000000  
-500.000000  
-7.500000  
-7.500000  
-7.500000  
-7.500000  
-7.500000  
-7.500000  
12.000000  
7.200000  
2.400000  
-2.400000  
-7.200000  
-12.000000  
600.000000  
0.000000  
-600.000000  
-9.000000  
-9.000000  
-9.000000  
-9.000000  
-9.000000  
-9.000000  
14.000000  
8.400000  
2.800000  
-2.800000  
-8.400000  
-14.000000  
700.000000  
0.000000  
-700.000000  
-10.500000  
-10.500000  
-10.500000  
-10.500000  
-10.500000  
-10.500000  
16.000000  
9.599999  
3.200000  
-3.200000  
-9.599999  
-16.000000  
-0.000000  
-0.000000  
-0.000000  
