Run Test
Allocated memory
launched successfully
Level 0count 4
0 2 4 6 -1 -1 -1 -1 done with the loop!
Level 1count 2
1 5 -1 -1 -1 -1 -1 -1 Before the loop of Shur

LEVEL 0

s_F_lambda #0: 
-1.000000  -0.000000  -0.000000  -0.000000  -0.000000  -0.000000  
-0.000000  -1.000000  -0.000000  -0.000000  -0.000000  -0.000000  
-0.000000  -0.000000  -1.000000  -0.000000  -0.000000  -0.000000  
-0.100000  -0.000000  -0.000000  -1.000000  -0.000000  -0.000000  
-0.000000  -0.100000  -0.000000  -0.000000  -1.000000  -0.000000  
-0.000000  -0.000000  -0.100000  -0.000000  -0.000000  -1.000000  

d_F_lambda #0: 
-1.000000  -0.000000  -0.000000  -0.000000  -0.000000  -0.000000  
-0.000000  -1.000000  -0.000000  -0.000000  -0.000000  -0.000000  
-0.000000  -0.000000  -1.000000  -0.000000  -0.000000  -0.000000  
-0.100000  -0.000000  -0.000000  -1.000000  -0.000000  -0.000000  
-0.000000  -0.100000  -0.000000  -0.000000  -1.000000  -0.000000  
-0.000000  -0.000000  -0.100000  -0.000000  -0.000000  -1.000000  

s_F_state #0: 
0.000000  0.000000  0.000000  0.000000  0.000000  0.000000  
0.000000  0.000000  0.000000  0.000000  0.000000  0.000000  
0.000000  0.000000  0.000000  0.000000  0.000000  0.000000  
0.000000  0.000000  0.000000  0.000000  0.000000  0.000000  
0.000000  0.000000  0.000000  0.000000  0.000000  0.000000  
0.000000  0.000000  0.000000  0.000000  0.000000  0.000000  

d_F_state #0: 
0.000000  0.000000  0.000000  0.000000  0.000000  0.000000  
0.000000  0.000000  0.000000  0.000000  0.000000  0.000000  
0.000000  0.000000  0.000000  0.000000  0.000000  0.000000  
0.000000  0.000000  0.000000  0.000000  0.000000  0.000000  
0.000000  0.000000  0.000000  0.000000  0.000000  0.000000  
0.000000  0.000000  0.000000  0.000000  0.000000  0.000000  

s_F_input #0: 
0.500000  0.000000  0.000000  10.000000  0.000000  0.000000  
0.000000  0.500000  0.000000  0.000000  10.000000  0.000000  
0.000000  0.000000  0.500000  0.000000  0.000000  10.000000  

d_F_input #0: 
0.500000  0.000000  0.000000  10.000000  0.000000  0.000000  
0.000000  0.500000  0.000000  0.000000  10.000000  0.000000  
0.000000  0.000000  0.500000  0.000000  0.000000  10.000000  

s_F_lambda #1: 
1.001249  0.000000  0.000000  0.050000  0.000000  0.000000  
0.000000  1.001249  0.000000  0.000000  0.050000  0.000000  
0.000000  0.000000  1.001249  0.000000  0.000000  0.050000  
0.049938  0.000000  0.000000  1.413332  0.000000  0.000000  
0.000000  0.049938  0.000000  0.000000  1.413332  0.000000  
0.000000  0.000000  0.049938  0.000000  0.000000  1.413332  

d_F_lambda #1: 
1.001249  0.000000  0.000000  0.050000  0.000000  0.000000  
0.000000  1.001249  0.000000  0.000000  0.050000  0.000000  
0.000000  0.000000  1.001249  0.000000  0.000000  0.050000  
0.049938  0.000000  0.000000  1.413332  0.000000  0.000000  
0.000000  0.049938  0.000000  0.000000  1.413332  0.000000  
0.000000  0.000000  0.049938  0.000000  0.000000  1.413332  

s_F_state #1: 
-1.000000  0.000000  0.000000  0.000000  0.000000  0.000000  
0.000000  -1.000000  0.000000  0.000000  0.000000  0.000000  
0.000000  0.000000  -1.000000  0.000000  0.000000  0.000000  
0.000000  0.000000  0.000000  -1.000000  0.000000  0.000000  
0.000000  0.000000  0.000000  0.000000  -1.000000  0.000000  
0.000000  0.000000  0.000000  0.000000  0.000000  -1.000000  

d_F_state #1: 
-1.000000  0.000000  0.000000  0.000000  0.000000  0.000000  
0.000000  -1.000000  0.000000  0.000000  0.000000  0.000000  
0.000000  0.000000  -1.000000  0.000000  0.000000  0.000000  
0.000000  0.000000  0.000000  -1.000000  0.000000  0.000000  
0.000000  0.000000  0.000000  0.000000  -1.000000  0.000000  
0.000000  0.000000  0.000000  0.000000  0.000000  -1.000000  

s_F_input #1: 
0.000000  0.000000  0.000000  0.000000  0.000000  0.000000  
0.000000  0.000000  0.000000  0.000000  0.000000  0.000000  
0.000000  0.000000  0.000000  0.000000  0.000000  0.000000  

d_F_input #1: 
0.000000  0.000000  0.000000  0.000000  0.000000  0.000000  
0.000000  0.000000  0.000000  0.000000  0.000000  0.000000  
0.000000  0.000000  0.000000  0.000000  0.000000  0.000000  

s_F_lambda #2: 
0.000000  0.000000  0.000000  0.000000  0.000000  0.000000  
0.000000  0.000000  0.000000  0.000000  0.000000  0.000000  
0.000000  0.000000  0.000000  0.000000  0.000000  0.000000  
0.000000  0.000000  0.000000  0.000000  0.000000  0.000000  
0.000000  0.000000  0.000000  0.000000  0.000000  0.000000  
0.000000  0.000000  0.000000  0.000000  0.000000  0.000000  

d_F_lambda #2: 
0.000000  0.000000  0.000000  0.000000  0.000000  0.000000  
0.000000  0.000000  0.000000  0.000000  0.000000  0.000000  
0.000000  0.000000  0.000000  0.000000  0.000000  0.000000  
0.000000  0.000000  0.000000  0.000000  0.000000  0.000000  
0.000000  0.000000  0.000000  0.000000  0.000000  0.000000  
0.000000  0.000000  0.000000  0.000000  0.000000  0.000000  

s_F_state #2: 
1.000000  0.000000  0.000000  0.000000  0.000000  0.000000  
0.000000  1.000000  0.000000  0.000000  0.000000  0.000000  
0.000000  0.000000  1.000000  0.000000  0.000000  0.000000  
0.100000  0.000000  0.000000  1.000000  0.000000  0.000000  
0.000000  0.100000  0.000000  0.000000  1.000000  0.000000  
0.000000  0.000000  0.100000  0.000000  0.000000  1.000000  

d_F_state #2: 
1.000000  0.000000  0.000000  0.000000  0.000000  0.000000  
0.000000  1.000000  0.000000  0.000000  0.000000  0.000000  
0.000000  0.000000  1.000000  0.000000  0.000000  0.000000  
0.100000  0.000000  0.000000  1.000000  0.000000  0.000000  
0.000000  0.100000  0.000000  0.000000  1.000000  0.000000  
0.000000  0.000000  0.100000  0.000000  0.000000  1.000000  

s_F_input #2: 
0.500000  0.000000  0.000000  10.000000  0.000000  0.000000  
0.000000  0.500000  0.000000  0.000000  10.000000  0.000000  
0.000000  0.000000  0.500000  0.000000  0.000000  10.000000  

d_F_input #2: 
0.500000  0.000000  0.000000  10.000000  0.000000  0.000000  
0.000000  0.500000  0.000000  0.000000  10.000000  0.000000  
0.000000  0.000000  0.500000  0.000000  0.000000  10.000000  

s_F_lambda #3: 
0.000000  0.000000  0.000000  0.000000  0.000000  0.000000  
0.000000  0.000000  0.000000  0.000000  0.000000  0.000000  
0.000000  0.000000  0.000000  0.000000  0.000000  0.000000  
0.000000  0.000000  0.000000  0.000000  0.000000  0.000000  
0.000000  0.000000  0.000000  0.000000  0.000000  0.000000  
0.000000  0.000000  0.000000  0.000000  0.000000  0.000000  

d_F_lambda #3: 
1.418626  0.000000  0.000000  0.150000  0.000000  0.000000  
0.000000  1.418626  0.000000  0.000000  0.150000  0.000000  
0.000000  0.000000  1.418626  0.000000  0.000000  0.150000  
0.105736  0.000000  0.000000  1.728820  0.000000  0.000000  
0.000000  0.105736  0.000000  0.000000  1.728820  0.000000  
0.000000  0.000000  0.105736  0.000000  0.000000  1.728820  

s_F_state #3: 
0.000000  0.000000  0.000000  0.000000  0.000000  0.000000  
0.000000  0.000000  0.000000  0.000000  0.000000  0.000000  
0.000000  0.000000  0.000000  0.000000  0.000000  0.000000  
0.000000  0.000000  0.000000  0.000000  0.000000  0.000000  
0.000000  0.000000  0.000000  0.000000  0.000000  0.000000  
0.000000  0.000000  0.000000  0.000000  0.000000  0.000000  

d_F_state #3: 
-1.000000  0.000000  0.000000  0.000000  0.000000  0.000000  
0.000000  -1.000000  0.000000  0.000000  0.000000  0.000000  
0.000000  0.000000  -1.000000  0.000000  0.000000  0.000000  
0.000000  0.000000  0.000000  -1.000000  0.000000  0.000000  
0.000000  0.000000  0.000000  0.000000  -1.000000  0.000000  
0.000000  0.000000  0.000000  0.000000  0.000000  -1.000000  

s_F_input #3: 
0.000000  0.000000  0.000000  0.000000  0.000000  0.000000  
0.000000  0.000000  0.000000  0.000000  0.000000  0.000000  
0.000000  0.000000  0.000000  0.000000  0.000000  0.000000  

d_F_input #3: 
0.000000  0.000000  0.000000  0.000000  0.000000  0.000000  
0.000000  0.000000  0.000000  0.000000  0.000000  0.000000  
0.000000  0.000000  0.000000  0.000000  0.000000  0.000000  

s_F_lambda #4: 
0.000000  0.000000  0.000000  0.000000  0.000000  0.000000  
0.000000  0.000000  0.000000  0.000000  0.000000  0.000000  
0.000000  0.000000  0.000000  0.000000  0.000000  0.000000  
0.000000  0.000000  0.000000  0.000000  0.000000  0.000000  
0.000000  0.000000  0.000000  0.000000  0.000000  0.000000  
0.000000  0.000000  0.000000  0.000000  0.000000  0.000000  

d_F_lambda #4: 
0.000000  0.000000  0.000000  0.000000  0.000000  0.000000  
0.000000  0.000000  0.000000  0.000000  0.000000  0.000000  
0.000000  0.000000  0.000000  0.000000  0.000000  0.000000  
0.000000  0.000000  0.000000  0.000000  0.000000  0.000000  
0.000000  0.000000  0.000000  0.000000  0.000000  0.000000  
0.000000  0.000000  0.000000  0.000000  0.000000  0.000000  

s_F_state #4: 
1.000000  0.000000  0.000000  0.000000  0.000000  0.000000  
0.000000  1.000000  0.000000  0.000000  0.000000  0.000000  
0.000000  0.000000  1.000000  0.000000  0.000000  0.000000  
0.100000  0.000000  0.000000  1.000000  0.000000  0.000000  
0.000000  0.100000  0.000000  0.000000  1.000000  0.000000  
0.000000  0.000000  0.100000  0.000000  0.000000  1.000000  

d_F_state #4: 
1.000000  0.000000  0.000000  0.000000  0.000000  0.000000  
0.000000  1.000000  0.000000  0.000000  0.000000  0.000000  
0.000000  0.000000  1.000000  0.000000  0.000000  0.000000  
0.100000  0.000000  0.000000  1.000000  0.000000  0.000000  
0.000000  0.100000  0.000000  0.000000  1.000000  0.000000  
0.000000  0.000000  0.100000  0.000000  0.000000  1.000000  

s_F_input #4: 
0.500000  0.000000  0.000000  10.000000  0.000000  0.000000  
0.000000  0.500000  0.000000  0.000000  10.000000  0.000000  
0.000000  0.000000  0.500000  0.000000  0.000000  10.000000  

d_F_input #4: 
0.500000  0.000000  0.000000  10.000000  0.000000  0.000000  
0.000000  0.500000  0.000000  0.000000  10.000000  0.000000  
0.000000  0.000000  0.500000  0.000000  0.000000  10.000000  

s_F_lambda #5: 
1.418626  0.000000  0.000000  0.150000  0.000000  0.000000  
0.000000  1.418626  0.000000  0.000000  0.150000  0.000000  
0.000000  0.000000  1.418626  0.000000  0.000000  0.150000  
0.105736  0.000000  0.000000  1.728820  0.000000  0.000000  
0.000000  0.105736  0.000000  0.000000  1.728820  0.000000  
0.000000  0.000000  0.105736  0.000000  0.000000  1.728820  

d_F_lambda #5: 
1.418626  0.000000  0.000000  0.150000  0.000000  0.000000  
0.000000  1.418626  0.000000  0.000000  0.150000  0.000000  
0.000000  0.000000  1.418626  0.000000  0.000000  0.150000  
0.105736  0.000000  0.000000  1.728820  0.000000  0.000000  
0.000000  0.105736  0.000000  0.000000  1.728820  0.000000  
0.000000  0.000000  0.105736  0.000000  0.000000  1.728820  

s_F_state #5: 
-1.000000  0.000000  0.000000  0.000000  0.000000  0.000000  
0.000000  -1.000000  0.000000  0.000000  0.000000  0.000000  
0.000000  0.000000  -1.000000  0.000000  0.000000  0.000000  
0.000000  0.000000  0.000000  -1.000000  0.000000  0.000000  
0.000000  0.000000  0.000000  0.000000  -1.000000  0.000000  
0.000000  0.000000  0.000000  0.000000  0.000000  -1.000000  

d_F_state #5: 
-1.000000  0.000000  0.000000  0.000000  0.000000  0.000000  
0.000000  -1.000000  0.000000  0.000000  0.000000  0.000000  
0.000000  0.000000  -1.000000  0.000000  0.000000  0.000000  
0.000000  0.000000  0.000000  -1.000000  0.000000  0.000000  
0.000000  0.000000  0.000000  0.000000  -1.000000  0.000000  
0.000000  0.000000  0.000000  0.000000  0.000000  -1.000000  

s_F_input #5: 
0.000000  0.000000  0.000000  0.000000  0.000000  0.000000  
0.000000  0.000000  0.000000  0.000000  0.000000  0.000000  
0.000000  0.000000  0.000000  0.000000  0.000000  0.000000  

d_F_input #5: 
0.000000  0.000000  0.000000  0.000000  0.000000  0.000000  
0.000000  0.000000  0.000000  0.000000  0.000000  0.000000  
0.000000  0.000000  0.000000  0.000000  0.000000  0.000000  

s_F_lambda #6: 
0.000000  0.000000  0.000000  0.000000  0.000000  0.000000  
0.000000  0.000000  0.000000  0.000000  0.000000  0.000000  
0.000000  0.000000  0.000000  0.000000  0.000000  0.000000  
0.000000  0.000000  0.000000  0.000000  0.000000  0.000000  
0.000000  0.000000  0.000000  0.000000  0.000000  0.000000  
0.000000  0.000000  0.000000  0.000000  0.000000  0.000000  

d_F_lambda #6: 
0.000000  0.000000  0.000000  0.000000  0.000000  0.000000  
0.000000  0.000000  0.000000  0.000000  0.000000  0.000000  
0.000000  0.000000  0.000000  0.000000  0.000000  0.000000  
0.000000  0.000000  0.000000  0.000000  0.000000  0.000000  
0.000000  0.000000  0.000000  0.000000  0.000000  0.000000  
0.000000  0.000000  0.000000  0.000000  0.000000  0.000000  

s_F_state #6: 
1.000000  0.000000  0.000000  0.000000  0.000000  0.000000  
0.000000  1.000000  0.000000  0.000000  0.000000  0.000000  
0.000000  0.000000  1.000000  0.000000  0.000000  0.000000  
0.100000  0.000000  0.000000  1.000000  0.000000  0.000000  
0.000000  0.100000  0.000000  0.000000  1.000000  0.000000  
0.000000  0.000000  0.100000  0.000000  0.000000  1.000000  

d_F_state #6: 
1.000000  0.000000  0.000000  0.000000  0.000000  0.000000  
0.000000  1.000000  0.000000  0.000000  0.000000  0.000000  
0.000000  0.000000  1.000000  0.000000  0.000000  0.000000  
0.100000  0.000000  0.000000  1.000000  0.000000  0.000000  
0.000000  0.100000  0.000000  0.000000  1.000000  0.000000  
0.000000  0.000000  0.100000  0.000000  0.000000  1.000000  

s_F_input #6: 
0.500000  0.000000  0.000000  10.000000  0.000000  0.000000  
0.000000  0.500000  0.000000  0.000000  10.000000  0.000000  
0.000000  0.000000  0.500000  0.000000  0.000000  10.000000  

d_F_input #6: 
0.500000  0.000000  0.000000  10.000000  0.000000  0.000000  
0.000000  0.500000  0.000000  0.000000  10.000000  0.000000  
0.000000  0.000000  0.500000  0.000000  0.000000  10.000000  

s_F_lambda #7: 
0.000000  0.000000  0.000000  0.000000  0.000000  0.000000  
0.000000  0.000000  0.000000  0.000000  0.000000  0.000000  
0.000000  0.000000  0.000000  0.000000  0.000000  0.000000  
0.000000  0.000000  0.000000  0.000000  0.000000  0.000000  
0.000000  0.000000  0.000000  0.000000  0.000000  0.000000  
0.000000  0.000000  0.000000  0.000000  0.000000  0.000000  

d_F_lambda #7: 
1.054751  0.000000  0.000000  0.150000  0.000000  0.000000  
0.000000  1.054751  0.000000  0.000000  0.150000  0.000000  
0.000000  0.000000  1.054751  0.000000  0.000000  0.150000  
0.142214  0.000000  0.000000  1.442142  0.000000  0.000000  
0.000000  0.142214  0.000000  0.000000  1.442142  0.000000  
0.000000  0.000000  0.142214  0.000000  0.000000  1.442142  

s_F_state #7: 
0.000000  0.000000  0.000000  0.000000  0.000000  0.000000  
0.000000  0.000000  0.000000  0.000000  0.000000  0.000000  
0.000000  0.000000  0.000000  0.000000  0.000000  0.000000  
0.000000  0.000000  0.000000  0.000000  0.000000  0.000000  
0.000000  0.000000  0.000000  0.000000  0.000000  0.000000  
0.000000  0.000000  0.000000  0.000000  0.000000  0.000000  

d_F_state #7: 
-0.100000  0.000000  0.000000  0.000000  0.000000  0.000000  
0.000000  -0.100000  0.000000  0.000000  0.000000  0.000000  
0.000000  0.000000  -0.100000  0.000000  0.000000  0.000000  
0.000000  0.000000  0.000000  -0.100000  0.000000  0.000000  
0.000000  0.000000  0.000000  0.000000  -0.100000  0.000000  
0.000000  0.000000  0.000000  0.000000  0.000000  -0.100000  

s_F_input #7: 
0.000000  0.000000  0.000000  0.000000  0.000000  0.000000  
0.000000  0.000000  0.000000  0.000000  0.000000  0.000000  
0.000000  0.000000  0.000000  0.000000  0.000000  0.000000  

d_F_input #7: 
0.000000  0.000000  0.000000  0.000000  0.000000  0.000000  
0.000000  0.000000  0.000000  0.000000  0.000000  0.000000  
0.000000  0.000000  0.000000  0.000000  0.000000  0.000000  

LEVEL 1

s_F_lambda #8: 
-0.996255  0.000000  0.000000  0.024969  0.000000  0.000000  
0.000000  -0.996255  0.000000  0.000000  0.024969  0.000000  
0.000000  0.000000  -0.996255  0.000000  0.000000  0.024969  
-0.124719  0.000000  0.000000  -0.498127  0.000000  0.000000  
0.000000  -0.124719  0.000000  0.000000  -0.498127  0.000000  
0.000000  0.000000  -0.124719  0.000000  0.000000  -0.498127  

d_F_lambda #8: 
-0.996255  0.000000  0.000000  0.024969  0.000000  0.000000  
0.000000  -0.996255  0.000000  0.000000  0.024969  0.000000  
0.000000  0.000000  -0.996255  0.000000  0.000000  0.024969  
-0.124719  0.000000  0.000000  -0.498127  0.000000  0.000000  
0.000000  -0.124719  0.000000  0.000000  -0.498127  0.000000  
0.000000  0.000000  -0.124719  0.000000  0.000000  -0.498127  

s_F_state #8: 
0.000000  0.000000  0.000000  0.000000  0.000000  0.000000  
0.000000  0.000000  0.000000  0.000000  0.000000  0.000000  
0.000000  0.000000  0.000000  0.000000  0.000000  0.000000  
0.000000  0.000000  0.000000  0.000000  0.000000  0.000000  
0.000000  0.000000  0.000000  0.000000  0.000000  0.000000  
0.000000  0.000000  0.000000  0.000000  0.000000  0.000000  

d_F_state #8: 
0.000000  0.000000  0.000000  0.000000  0.000000  0.000000  
0.000000  0.000000  0.000000  0.000000  0.000000  0.000000  
0.000000  0.000000  0.000000  0.000000  0.000000  0.000000  
0.000000  0.000000  0.000000  0.000000  0.000000  0.000000  
0.000000  0.000000  0.000000  0.000000  0.000000  0.000000  
0.000000  0.000000  0.000000  0.000000  0.000000  0.000000  

s_F_input #8: 
0.749064  0.000000  0.000000  4.993757  0.000000  0.000000  
0.000000  0.749064  0.000000  0.000000  4.993757  0.000000  
0.000000  0.000000  0.749064  0.000000  0.000000  4.993757  

d_F_input #8: 
0.749064  0.000000  0.000000  4.993757  0.000000  0.000000  
0.000000  0.749064  0.000000  0.000000  4.993757  0.000000  
0.000000  0.000000  0.749064  0.000000  0.000000  4.993757  

s_F_lambda #9: 
-0.996255  0.000000  0.000000  0.024969  0.000000  0.000000  
0.000000  -0.996255  0.000000  0.000000  0.024969  0.000000  
0.000000  0.000000  -0.996255  0.000000  0.000000  0.024969  
-0.025094  0.000000  0.000000  -0.500624  0.000000  0.000000  
0.000000  -0.025094  0.000000  0.000000  -0.500624  0.000000  
0.000000  0.000000  -0.025094  0.000000  0.000000  -0.500624  

d_F_lambda #9: 
-0.996255  0.000000  0.000000  0.024969  0.000000  0.000000  
0.000000  -0.996255  0.000000  0.000000  0.024969  0.000000  
0.000000  0.000000  -0.996255  0.000000  0.000000  0.024969  
-0.025094  0.000000  0.000000  -0.500624  0.000000  0.000000  
0.000000  -0.025094  0.000000  0.000000  -0.500624  0.000000  
0.000000  0.000000  -0.025094  0.000000  0.000000  -0.500624  

s_F_state #9: 
0.003745  0.000000  0.000000  0.024969  0.000000  0.000000  
0.000000  0.003745  0.000000  0.000000  0.024969  0.000000  
0.000000  0.000000  0.003745  0.000000  0.000000  0.024969  
0.074906  0.000000  0.000000  0.499376  0.000000  0.000000  
0.000000  0.074906  0.000000  0.000000  0.499376  0.000000  
0.000000  0.000000  0.074906  0.000000  0.000000  0.499376  

d_F_state #9: 
0.003745  0.000000  0.000000  0.024969  0.000000  0.000000  
0.000000  0.003745  0.000000  0.000000  0.024969  0.000000  
0.000000  0.000000  0.003745  0.000000  0.000000  0.024969  
0.074906  0.000000  0.000000  0.499376  0.000000  0.000000  
0.000000  0.074906  0.000000  0.000000  0.499376  0.000000  
0.000000  0.000000  0.074906  0.000000  0.000000  0.499376  

s_F_input #9: 
0.500000  0.000000  0.000000  10.000000  0.000000  0.000000  
0.000000  0.500000  0.000000  0.000000  10.000000  0.000000  
0.000000  0.000000  0.500000  0.000000  0.000000  10.000000  

d_F_input #9: 
0.500000  0.000000  0.000000  10.000000  0.000000  0.000000  
0.000000  0.500000  0.000000  0.000000  10.000000  0.000000  
0.000000  0.000000  0.500000  0.000000  0.000000  10.000000  

s_F_lambda #10: 
0.717623  0.000000  0.000000  0.099969  0.000000  0.000000  
0.000000  0.717623  0.000000  0.000000  0.099969  0.000000  
0.000000  0.000000  0.717623  0.000000  0.000000  0.099969  
0.139305  0.000000  0.000000  1.464715  0.000000  0.000000  
0.000000  0.139305  0.000000  0.000000  1.464715  0.000000  
0.000000  0.000000  0.139305  0.000000  0.000000  1.464715  

d_F_lambda #10: 
0.000000  0.000000  0.000000  0.000000  0.000000  0.000000  
0.000000  0.000000  0.000000  0.000000  0.000000  0.000000  
0.000000  0.000000  0.000000  0.000000  0.000000  0.000000  
0.000000  0.000000  0.000000  0.000000  0.000000  0.000000  
0.000000  0.000000  0.000000  0.000000  0.000000  0.000000  
0.000000  0.000000  0.000000  0.000000  0.000000  0.000000  

s_F_state #10: 
-0.501247  0.000000  0.000000  0.024938  0.000000  0.000000  
0.000000  -0.501247  0.000000  0.000000  0.024938  0.000000  
0.000000  0.000000  -0.501247  0.000000  0.000000  0.024938  
0.024938  0.000000  0.000000  -0.665420  0.000000  0.000000  
0.000000  0.024938  0.000000  0.000000  -0.665420  0.000000  
0.000000  0.000000  0.024938  0.000000  0.000000  -0.665420  

d_F_state #10: 
-0.501247  0.000000  0.000000  0.024938  0.000000  0.000000  
0.000000  -0.501247  0.000000  0.000000  0.024938  0.000000  
0.000000  0.000000  -0.501247  0.000000  0.000000  0.024938  
0.024938  0.000000  0.000000  -0.665420  0.000000  0.000000  
0.000000  0.024938  0.000000  0.000000  -0.665420  0.000000  
0.000000  0.000000  0.024938  0.000000  0.000000  -0.665420  

s_F_input #10: 
-0.000000  0.000000  0.000000  3.333333  0.000000  0.000000  
0.000000  -0.000000  0.000000  0.000000  3.333333  0.000000  
0.000000  0.000000  -0.000000  0.000000  0.000000  3.333333  

d_F_input #10: 
-0.000000  0.000000  0.000000  3.333333  0.000000  0.000000  
0.000000  -0.000000  0.000000  0.000000  3.333333  0.000000  
0.000000  0.000000  -0.000000  0.000000  0.000000  3.333333  

s_F_lambda #11: 
-0.498753  0.000000  0.000000  -0.024938  0.000000  0.000000  
0.000000  -0.498753  0.000000  0.000000  -0.024938  0.000000  
0.000000  0.000000  -0.498753  0.000000  0.000000  -0.024938  
0.024938  0.000000  0.000000  -0.332086  0.000000  0.000000  
0.000000  0.024938  0.000000  0.000000  -0.332086  0.000000  
0.000000  0.000000  0.024938  0.000000  0.000000  -0.332086  

d_F_lambda #11: 
-0.498753  0.000000  0.000000  -0.024938  0.000000  0.000000  
0.000000  -0.498753  0.000000  0.000000  -0.024938  0.000000  
0.000000  0.000000  -0.498753  0.000000  0.000000  -0.024938  
0.024938  0.000000  0.000000  -0.332086  0.000000  0.000000  
0.000000  0.024938  0.000000  0.000000  -0.332086  0.000000  
0.000000  0.000000  0.024938  0.000000  0.000000  -0.332086  

s_F_state #11: 
-0.498753  0.000000  0.000000  -0.024938  0.000000  0.000000  
0.000000  -0.498753  0.000000  0.000000  -0.024938  0.000000  
0.000000  0.000000  -0.498753  0.000000  0.000000  -0.024938  
0.024938  0.000000  0.000000  -0.332086  0.000000  0.000000  
0.000000  0.024938  0.000000  0.000000  -0.332086  0.000000  
0.000000  0.000000  0.024938  0.000000  0.000000  -0.332086  

d_F_state #11: 
-0.498753  0.000000  0.000000  -0.024938  0.000000  0.000000  
0.000000  -0.498753  0.000000  0.000000  -0.024938  0.000000  
0.000000  0.000000  -0.498753  0.000000  0.000000  -0.024938  
0.024938  0.000000  0.000000  -0.332086  0.000000  0.000000  
0.000000  0.024938  0.000000  0.000000  -0.332086  0.000000  
0.000000  0.000000  0.024938  0.000000  0.000000  -0.332086  

s_F_input #11: 
0.000000  0.000000  0.000000  0.000000  0.000000  0.000000  
0.000000  0.000000  0.000000  0.000000  0.000000  0.000000  
0.000000  0.000000  0.000000  0.000000  0.000000  0.000000  

d_F_input #11: 
0.000000  0.000000  0.000000  0.000000  0.000000  0.000000  
0.000000  0.000000  0.000000  0.000000  0.000000  0.000000  
0.000000  0.000000  0.000000  0.000000  0.000000  0.000000  

s_F_lambda #12: 
0.000000  0.000000  0.000000  0.000000  0.000000  0.000000  
0.000000  0.000000  0.000000  0.000000  0.000000  0.000000  
0.000000  0.000000  0.000000  0.000000  0.000000  0.000000  
0.000000  0.000000  0.000000  0.000000  0.000000  0.000000  
0.000000  0.000000  0.000000  0.000000  0.000000  0.000000  
0.000000  0.000000  0.000000  0.000000  0.000000  0.000000  

d_F_lambda #12: 
0.000000  0.000000  0.000000  0.000000  0.000000  0.000000  
0.000000  0.000000  0.000000  0.000000  0.000000  0.000000  
0.000000  0.000000  0.000000  0.000000  0.000000  0.000000  
0.000000  0.000000  0.000000  0.000000  0.000000  0.000000  
0.000000  0.000000  0.000000  0.000000  0.000000  0.000000  
0.000000  0.000000  0.000000  0.000000  0.000000  0.000000  

s_F_state #12: 
0.496259  0.000000  0.000000  -0.024938  0.000000  0.000000  
0.000000  0.496259  0.000000  0.000000  -0.024938  0.000000  
0.000000  0.000000  0.496259  0.000000  0.000000  -0.024938  
0.058146  0.000000  0.000000  0.332086  0.000000  0.000000  
0.000000  0.058146  0.000000  0.000000  0.332086  0.000000  
0.000000  0.000000  0.058146  0.000000  0.000000  0.332086  

d_F_state #12: 
0.496259  0.000000  0.000000  -0.024938  0.000000  0.000000  
0.000000  0.496259  0.000000  0.000000  -0.024938  0.000000  
0.000000  0.000000  0.496259  0.000000  0.000000  -0.024938  
0.058146  0.000000  0.000000  0.332086  0.000000  0.000000  
0.000000  0.058146  0.000000  0.000000  0.332086  0.000000  
0.000000  0.000000  0.058146  0.000000  0.000000  0.332086  

s_F_input #12: 
0.333333  0.000000  0.000000  3.333333  0.000000  0.000000  
0.000000  0.333333  0.000000  0.000000  3.333333  0.000000  
0.000000  0.000000  0.333333  0.000000  0.000000  3.333333  

d_F_input #12: 
0.333333  0.000000  0.000000  3.333333  0.000000  0.000000  
0.000000  0.333333  0.000000  0.000000  3.333333  0.000000  
0.000000  0.000000  0.333333  0.000000  0.000000  3.333333  

s_F_lambda #13: 
-0.496259  0.000000  0.000000  0.024938  0.000000  0.000000  
0.000000  -0.496259  0.000000  0.000000  0.024938  0.000000  
0.000000  0.000000  -0.496259  0.000000  0.000000  0.024938  
-0.008520  0.000000  0.000000  -0.334580  0.000000  0.000000  
0.000000  -0.008520  0.000000  0.000000  -0.334580  0.000000  
0.000000  0.000000  -0.008520  0.000000  0.000000  -0.334580  

d_F_lambda #13: 
-0.496259  0.000000  0.000000  0.024938  0.000000  0.000000  
0.000000  -0.496259  0.000000  0.000000  0.024938  0.000000  
0.000000  0.000000  -0.496259  0.000000  0.000000  0.024938  
-0.008520  0.000000  0.000000  -0.334580  0.000000  0.000000  
0.000000  -0.008520  0.000000  0.000000  -0.334580  0.000000  
0.000000  0.000000  -0.008520  0.000000  0.000000  -0.334580  

s_F_state #13: 
0.503741  0.000000  0.000000  0.024938  0.000000  0.000000  
0.000000  0.503741  0.000000  0.000000  0.024938  0.000000  
0.000000  0.000000  0.503741  0.000000  0.000000  0.024938  
0.091480  0.000000  0.000000  0.665420  0.000000  0.000000  
0.000000  0.091480  0.000000  0.000000  0.665420  0.000000  
0.000000  0.000000  0.091480  0.000000  0.000000  0.665420  

d_F_state #13: 
0.503741  0.000000  0.000000  0.024938  0.000000  0.000000  
0.000000  0.503741  0.000000  0.000000  0.024938  0.000000  
0.000000  0.000000  0.503741  0.000000  0.000000  0.024938  
0.091480  0.000000  0.000000  0.665420  0.000000  0.000000  
0.000000  0.091480  0.000000  0.000000  0.665420  0.000000  
0.000000  0.000000  0.091480  0.000000  0.000000  0.665420  

s_F_input #13: 
0.500000  0.000000  0.000000  10.000000  0.000000  0.000000  
0.000000  0.500000  0.000000  0.000000  10.000000  0.000000  
0.000000  0.000000  0.500000  0.000000  0.000000  10.000000  

d_F_input #13: 
0.500000  0.000000  0.000000  10.000000  0.000000  0.000000  
0.000000  0.500000  0.000000  0.000000  10.000000  0.000000  
0.000000  0.000000  0.500000  0.000000  0.000000  10.000000  

s_F_lambda #14: 
0.000000  0.000000  0.000000  0.000000  0.000000  0.000000  
0.000000  0.000000  0.000000  0.000000  0.000000  0.000000  
0.000000  0.000000  0.000000  0.000000  0.000000  0.000000  
0.000000  0.000000  0.000000  0.000000  0.000000  0.000000  
0.000000  0.000000  0.000000  0.000000  0.000000  0.000000  
0.000000  0.000000  0.000000  0.000000  0.000000  0.000000  

d_F_lambda #14: 
0.000000  0.000000  0.000000  0.000000  0.000000  0.000000  
0.000000  0.000000  0.000000  0.000000  0.000000  0.000000  
0.000000  0.000000  0.000000  0.000000  0.000000  0.000000  
0.000000  0.000000  0.000000  0.000000  0.000000  0.000000  
0.000000  0.000000  0.000000  0.000000  0.000000  0.000000  
0.000000  0.000000  0.000000  0.000000  0.000000  0.000000  

s_F_state #14: 
-1.000000  0.000000  0.000000  0.000000  0.000000  0.000000  
0.000000  -1.000000  0.000000  0.000000  0.000000  0.000000  
0.000000  0.000000  -1.000000  0.000000  0.000000  0.000000  
0.000000  0.000000  0.000000  -1.000000  0.000000  0.000000  
0.000000  0.000000  0.000000  0.000000  -1.000000  0.000000  
0.000000  0.000000  0.000000  0.000000  0.000000  -1.000000  

d_F_state #14: 
-0.092382  0.000000  0.000000  0.025932  0.000000  0.000000  
0.000000  -0.092382  0.000000  0.000000  0.025932  0.000000  
0.000000  0.000000  -0.092382  0.000000  0.000000  0.025932  
0.025932  0.000000  0.000000  -0.523069  0.000000  0.000000  
0.000000  0.025932  0.000000  0.000000  -0.523069  0.000000  
0.000000  0.000000  0.025932  0.000000  0.000000  -0.523069  

s_F_input #14: 
0.000000  0.000000  0.000000  0.000000  0.000000  0.000000  
0.000000  0.000000  0.000000  0.000000  0.000000  0.000000  
0.000000  0.000000  0.000000  0.000000  0.000000  0.000000  

d_F_input #14: 
-0.194490  0.000000  0.000000  4.756349  0.000000  0.000000  
0.000000  -0.194490  0.000000  0.000000  4.756349  0.000000  
0.000000  0.000000  -0.194490  0.000000  0.000000  4.756349  

s_F_lambda #15: 
0.000000  0.000000  0.000000  0.000000  0.000000  0.000000  
0.000000  0.000000  0.000000  0.000000  0.000000  0.000000  
0.000000  0.000000  0.000000  0.000000  0.000000  0.000000  
0.000000  0.000000  0.000000  0.000000  0.000000  0.000000  
0.000000  0.000000  0.000000  0.000000  0.000000  0.000000  
0.000000  0.000000  0.000000  0.000000  0.000000  0.000000  

d_F_lambda #15: 
-0.907618  0.000000  0.000000  -0.025932  0.000000  0.000000  
0.000000  -0.907618  0.000000  0.000000  -0.025932  0.000000  
0.000000  0.000000  -0.907618  0.000000  0.000000  -0.025932  
0.064830  0.000000  0.000000  -0.474338  0.000000  0.000000  
0.000000  0.064830  0.000000  0.000000  -0.474338  0.000000  
0.000000  0.000000  0.064830  0.000000  0.000000  -0.474338  

s_F_state #15: 
0.000000  0.000000  0.000000  0.000000  0.000000  0.000000  
0.000000  0.000000  0.000000  0.000000  0.000000  0.000000  
0.000000  0.000000  0.000000  0.000000  0.000000  0.000000  
0.000000  0.000000  0.000000  0.000000  0.000000  0.000000  
0.000000  0.000000  0.000000  0.000000  0.000000  0.000000  
0.000000  0.000000  0.000000  0.000000  0.000000  0.000000  

d_F_state #15: 
-0.090762  0.000000  0.000000  -0.002593  0.000000  0.000000  
0.000000  -0.090762  0.000000  0.000000  -0.002593  0.000000  
0.000000  0.000000  -0.090762  0.000000  0.000000  -0.002593  
0.006483  0.000000  0.000000  -0.047434  0.000000  0.000000  
0.000000  0.006483  0.000000  0.000000  -0.047434  0.000000  
0.000000  0.000000  0.006483  0.000000  0.000000  -0.047434  

s_F_input #15: 
0.000000  0.000000  0.000000  0.000000  0.000000  0.000000  
0.000000  0.000000  0.000000  0.000000  0.000000  0.000000  
0.000000  0.000000  0.000000  0.000000  0.000000  0.000000  

d_F_input #15: 
0.000000  0.000000  0.000000  0.000000  0.000000  0.000000  
0.000000  0.000000  0.000000  0.000000  0.000000  0.000000  
0.000000  0.000000  0.000000  0.000000  0.000000  0.000000  

LEVEL 2

s_F_lambda #16: 
0.000000  0.000000  0.000000  0.000000  0.000000  0.000000  
0.000000  0.000000  0.000000  0.000000  0.000000  0.000000  
0.000000  0.000000  0.000000  0.000000  0.000000  0.000000  
0.000000  0.000000  0.000000  0.000000  0.000000  0.000000  
0.000000  0.000000  0.000000  0.000000  0.000000  0.000000  
0.000000  0.000000  0.000000  0.000000  0.000000  0.000000  

d_F_lambda #16: 
0.000000  0.000000  0.000000  0.000000  0.000000  0.000000  
0.000000  0.000000  0.000000  0.000000  0.000000  0.000000  
0.000000  0.000000  0.000000  0.000000  0.000000  0.000000  
0.000000  0.000000  0.000000  0.000000  0.000000  0.000000  
0.000000  0.000000  0.000000  0.000000  0.000000  0.000000  
0.000000  0.000000  0.000000  0.000000  0.000000  0.000000  

s_F_state #16: 
0.000000  0.000000  0.000000  0.000000  0.000000  0.000000  
0.000000  0.000000  0.000000  0.000000  0.000000  0.000000  
0.000000  0.000000  0.000000  0.000000  0.000000  0.000000  
0.000000  0.000000  0.000000  0.000000  0.000000  0.000000  
0.000000  0.000000  0.000000  0.000000  0.000000  0.000000  
0.000000  0.000000  0.000000  0.000000  0.000000  0.000000  

d_F_state #16: 
0.000000  0.000000  0.000000  0.000000  0.000000  0.000000  
0.000000  0.000000  0.000000  0.000000  0.000000  0.000000  
0.000000  0.000000  0.000000  0.000000  0.000000  0.000000  
0.000000  0.000000  0.000000  0.000000  0.000000  0.000000  
0.000000  0.000000  0.000000  0.000000  0.000000  0.000000  
0.000000  0.000000  0.000000  0.000000  0.000000  0.000000  

s_F_input #16: 
0.000000  0.000000  0.000000  0.000000  0.000000  0.000000  
0.000000  0.000000  0.000000  0.000000  0.000000  0.000000  
0.000000  0.000000  0.000000  0.000000  0.000000  0.000000  

d_F_input #16: 
0.000000  0.000000  0.000000  0.000000  0.000000  0.000000  
0.000000  0.000000  0.000000  0.000000  0.000000  0.000000  
0.000000  0.000000  0.000000  0.000000  0.000000  0.000000  

s_F_lambda #17: 
0.000000  0.000000  0.000000  0.000000  0.000000  0.000000  
0.000000  0.000000  0.000000  0.000000  0.000000  0.000000  
0.000000  0.000000  0.000000  0.000000  0.000000  0.000000  
0.000000  0.000000  0.000000  0.000000  0.000000  0.000000  
0.000000  0.000000  0.000000  0.000000  0.000000  0.000000  
0.000000  0.000000  0.000000  0.000000  0.000000  0.000000  

d_F_lambda #17: 
0.000000  0.000000  0.000000  0.000000  0.000000  0.000000  
0.000000  0.000000  0.000000  0.000000  0.000000  0.000000  
0.000000  0.000000  0.000000  0.000000  0.000000  0.000000  
0.000000  0.000000  0.000000  0.000000  0.000000  0.000000  
0.000000  0.000000  0.000000  0.000000  0.000000  0.000000  
0.000000  0.000000  0.000000  0.000000  0.000000  0.000000  

s_F_state #17: 
0.000000  0.000000  0.000000  0.000000  0.000000  0.000000  
0.000000  0.000000  0.000000  0.000000  0.000000  0.000000  
0.000000  0.000000  0.000000  0.000000  0.000000  0.000000  
0.000000  0.000000  0.000000  0.000000  0.000000  0.000000  
0.000000  0.000000  0.000000  0.000000  0.000000  0.000000  
0.000000  0.000000  0.000000  0.000000  0.000000  0.000000  

d_F_state #17: 
0.000000  0.000000  0.000000  0.000000  0.000000  0.000000  
0.000000  0.000000  0.000000  0.000000  0.000000  0.000000  
0.000000  0.000000  0.000000  0.000000  0.000000  0.000000  
0.000000  0.000000  0.000000  0.000000  0.000000  0.000000  
0.000000  0.000000  0.000000  0.000000  0.000000  0.000000  
0.000000  0.000000  0.000000  0.000000  0.000000  0.000000  

s_F_input #17: 
0.000000  0.000000  0.000000  0.000000  0.000000  0.000000  
0.000000  0.000000  0.000000  0.000000  0.000000  0.000000  
0.000000  0.000000  0.000000  0.000000  0.000000  0.000000  

d_F_input #17: 
0.000000  0.000000  0.000000  0.000000  0.000000  0.000000  
0.000000  0.000000  0.000000  0.000000  0.000000  0.000000  
0.000000  0.000000  0.000000  0.000000  0.000000  0.000000  

s_F_lambda #18: 
-0.967098  0.000000  0.000000  0.078910  0.000000  0.000000  
0.000000  -0.967098  0.000000  0.000000  0.078910  0.000000  
0.000000  0.000000  -0.967098  0.000000  0.000000  0.078910  
0.017800  0.000000  0.000000  -0.157047  0.000000  0.000000  
0.000000  0.017800  0.000000  0.000000  -0.157047  0.000000  
0.000000  0.000000  0.017800  0.000000  0.000000  -0.157047  

d_F_lambda #18: 
0.000000  0.000000  0.000000  0.000000  0.000000  0.000000  
0.000000  0.000000  0.000000  0.000000  0.000000  0.000000  
0.000000  0.000000  0.000000  0.000000  0.000000  0.000000  
0.000000  0.000000  0.000000  0.000000  0.000000  0.000000  
0.000000  0.000000  0.000000  0.000000  0.000000  0.000000  
0.000000  0.000000  0.000000  0.000000  0.000000  0.000000  

s_F_state #18: 
0.496259  0.000000  0.000000  -0.024938  0.000000  0.000000  
0.000000  0.496259  0.000000  0.000000  -0.024938  0.000000  
0.000000  0.000000  0.496259  0.000000  0.000000  -0.024938  
0.058146  0.000000  0.000000  0.332086  0.000000  0.000000  
0.000000  0.058146  0.000000  0.000000  0.332086  0.000000  
0.000000  0.000000  0.058146  0.000000  0.000000  0.332086  

d_F_state #18: 
0.496259  0.000000  0.000000  -0.024938  0.000000  0.000000  
0.000000  0.496259  0.000000  0.000000  -0.024938  0.000000  
0.000000  0.000000  0.496259  0.000000  0.000000  -0.024938  
0.058146  0.000000  0.000000  0.332086  0.000000  0.000000  
0.000000  0.058146  0.000000  0.000000  0.332086  0.000000  
0.000000  0.000000  0.058146  0.000000  0.000000  0.332086  

s_F_input #18: 
0.333333  0.000000  0.000000  3.333333  0.000000  0.000000  
0.000000  0.333333  0.000000  0.000000  3.333333  0.000000  
0.000000  0.000000  0.333333  0.000000  0.000000  3.333333  

d_F_input #18: 
0.333333  0.000000  0.000000  3.333333  0.000000  0.000000  
0.000000  0.333333  0.000000  0.000000  3.333333  0.000000  
0.000000  0.000000  0.333333  0.000000  0.000000  3.333333  

s_F_lambda #19: 
0.000000  0.000000  0.000000  0.000000  0.000000  0.000000  
0.000000  0.000000  0.000000  0.000000  0.000000  0.000000  
0.000000  0.000000  0.000000  0.000000  0.000000  0.000000  
0.000000  0.000000  0.000000  0.000000  0.000000  0.000000  
0.000000  0.000000  0.000000  0.000000  0.000000  0.000000  
0.000000  0.000000  0.000000  0.000000  0.000000  0.000000  

d_F_lambda #19: 
-0.496259  0.000000  0.000000  0.024938  0.000000  0.000000  
0.000000  -0.496259  0.000000  0.000000  0.024938  0.000000  
0.000000  0.000000  -0.496259  0.000000  0.000000  0.024938  
-0.008520  0.000000  0.000000  -0.334580  0.000000  0.000000  
0.000000  -0.008520  0.000000  0.000000  -0.334580  0.000000  
0.000000  0.000000  -0.008520  0.000000  0.000000  -0.334580  

s_F_state #19: 
0.000000  0.000000  0.000000  0.000000  0.000000  0.000000  
0.000000  0.000000  0.000000  0.000000  0.000000  0.000000  
0.000000  0.000000  0.000000  0.000000  0.000000  0.000000  
0.000000  0.000000  0.000000  0.000000  0.000000  0.000000  
0.000000  0.000000  0.000000  0.000000  0.000000  0.000000  
0.000000  0.000000  0.000000  0.000000  0.000000  0.000000  

d_F_state #19: 
0.503741  0.000000  0.000000  0.024938  0.000000  0.000000  
0.000000  0.503741  0.000000  0.000000  0.024938  0.000000  
0.000000  0.000000  0.503741  0.000000  0.000000  0.024938  
0.091480  0.000000  0.000000  0.665420  0.000000  0.000000  
0.000000  0.091480  0.000000  0.000000  0.665420  0.000000  
0.000000  0.000000  0.091480  0.000000  0.000000  0.665420  

s_F_input #19: 
0.000000  0.000000  0.000000  0.000000  0.000000  0.000000  
0.000000  0.000000  0.000000  0.000000  0.000000  0.000000  
0.000000  0.000000  0.000000  0.000000  0.000000  0.000000  

d_F_input #19: 
0.500000  0.000000  0.000000  10.000000  0.000000  0.000000  
0.000000  0.500000  0.000000  0.000000  10.000000  0.000000  
0.000000  0.000000  0.500000  0.000000  0.000000  10.000000  

s_F_lambda #20: 
0.000000  0.000000  0.000000  0.000000  0.000000  0.000000  
0.000000  0.000000  0.000000  0.000000  0.000000  0.000000  
0.000000  0.000000  0.000000  0.000000  0.000000  0.000000  
0.000000  0.000000  0.000000  0.000000  0.000000  0.000000  
0.000000  0.000000  0.000000  0.000000  0.000000  0.000000  
0.000000  0.000000  0.000000  0.000000  0.000000  0.000000  

d_F_lambda #20: 
0.000000  0.000000  0.000000  0.000000  0.000000  0.000000  
0.000000  0.000000  0.000000  0.000000  0.000000  0.000000  
0.000000  0.000000  0.000000  0.000000  0.000000  0.000000  
0.000000  0.000000  0.000000  0.000000  0.000000  0.000000  
0.000000  0.000000  0.000000  0.000000  0.000000  0.000000  
0.000000  0.000000  0.000000  0.000000  0.000000  0.000000  

s_F_state #20: 
-0.501247  0.000000  0.000000  0.024938  0.000000  0.000000  
0.000000  -0.501247  0.000000  0.000000  0.024938  0.000000  
0.000000  0.000000  -0.501247  0.000000  0.000000  0.024938  
0.024938  0.000000  0.000000  -0.665420  0.000000  0.000000  
0.000000  0.024938  0.000000  0.000000  -0.665420  0.000000  
0.000000  0.000000  0.024938  0.000000  0.000000  -0.665420  

d_F_state #20: 
-0.501247  0.000000  0.000000  0.024938  0.000000  0.000000  
0.000000  -0.501247  0.000000  0.000000  0.024938  0.000000  
0.000000  0.000000  -0.501247  0.000000  0.000000  0.024938  
0.024938  0.000000  0.000000  -0.665420  0.000000  0.000000  
0.000000  0.024938  0.000000  0.000000  -0.665420  0.000000  
0.000000  0.000000  0.024938  0.000000  0.000000  -0.665420  

s_F_input #20: 
-0.000000  0.000000  0.000000  3.333333  0.000000  0.000000  
0.000000  -0.000000  0.000000  0.000000  3.333333  0.000000  
0.000000  0.000000  -0.000000  0.000000  0.000000  3.333333  

d_F_input #20: 
-0.000000  0.000000  0.000000  3.333333  0.000000  0.000000  
0.000000  -0.000000  0.000000  0.000000  3.333333  0.000000  
0.000000  0.000000  -0.000000  0.000000  0.000000  3.333333  

s_F_lambda #21: 
-0.498753  0.000000  0.000000  -0.024938  0.000000  0.000000  
0.000000  -0.498753  0.000000  0.000000  -0.024938  0.000000  
0.000000  0.000000  -0.498753  0.000000  0.000000  -0.024938  
0.024938  0.000000  0.000000  -0.332086  0.000000  0.000000  
0.000000  0.024938  0.000000  0.000000  -0.332086  0.000000  
0.000000  0.000000  0.024938  0.000000  0.000000  -0.332086  

d_F_lambda #21: 
-0.498753  0.000000  0.000000  -0.024938  0.000000  0.000000  
0.000000  -0.498753  0.000000  0.000000  -0.024938  0.000000  
0.000000  0.000000  -0.498753  0.000000  0.000000  -0.024938  
0.024938  0.000000  0.000000  -0.332086  0.000000  0.000000  
0.000000  0.024938  0.000000  0.000000  -0.332086  0.000000  
0.000000  0.000000  0.024938  0.000000  0.000000  -0.332086  

s_F_state #21: 
-0.498753  0.000000  0.000000  -0.024938  0.000000  0.000000  
0.000000  -0.498753  0.000000  0.000000  -0.024938  0.000000  
0.000000  0.000000  -0.498753  0.000000  0.000000  -0.024938  
0.024938  0.000000  0.000000  -0.332086  0.000000  0.000000  
0.000000  0.024938  0.000000  0.000000  -0.332086  0.000000  
0.000000  0.000000  0.024938  0.000000  0.000000  -0.332086  

d_F_state #21: 
-0.498753  0.000000  0.000000  -0.024938  0.000000  0.000000  
0.000000  -0.498753  0.000000  0.000000  -0.024938  0.000000  
0.000000  0.000000  -0.498753  0.000000  0.000000  -0.024938  
0.024938  0.000000  0.000000  -0.332086  0.000000  0.000000  
0.000000  0.024938  0.000000  0.000000  -0.332086  0.000000  
0.000000  0.000000  0.024938  0.000000  0.000000  -0.332086  

s_F_input #21: 
0.000000  0.000000  0.000000  0.000000  0.000000  0.000000  
0.000000  0.000000  0.000000  0.000000  0.000000  0.000000  
0.000000  0.000000  0.000000  0.000000  0.000000  0.000000  

d_F_input #21: 
0.000000  0.000000  0.000000  0.000000  0.000000  0.000000  
0.000000  0.000000  0.000000  0.000000  0.000000  0.000000  
0.000000  0.000000  0.000000  0.000000  0.000000  0.000000  

s_F_lambda #22: 
0.000000  0.000000  0.000000  0.000000  0.000000  0.000000  
0.000000  0.000000  0.000000  0.000000  0.000000  0.000000  
0.000000  0.000000  0.000000  0.000000  0.000000  0.000000  
0.000000  0.000000  0.000000  0.000000  0.000000  0.000000  
0.000000  0.000000  0.000000  0.000000  0.000000  0.000000  
0.000000  0.000000  0.000000  0.000000  0.000000  0.000000  

d_F_lambda #22: 
0.000000  0.000000  0.000000  0.000000  0.000000  0.000000  
0.000000  0.000000  0.000000  0.000000  0.000000  0.000000  
0.000000  0.000000  0.000000  0.000000  0.000000  0.000000  
0.000000  0.000000  0.000000  0.000000  0.000000  0.000000  
0.000000  0.000000  0.000000  0.000000  0.000000  0.000000  
0.000000  0.000000  0.000000  0.000000  0.000000  0.000000  

s_F_state #22: 
0.000000  0.000000  0.000000  0.000000  0.000000  0.000000  
0.000000  0.000000  0.000000  0.000000  0.000000  0.000000  
0.000000  0.000000  0.000000  0.000000  0.000000  0.000000  
0.000000  0.000000  0.000000  0.000000  0.000000  0.000000  
0.000000  0.000000  0.000000  0.000000  0.000000  0.000000  
0.000000  0.000000  0.000000  0.000000  0.000000  0.000000  

d_F_state #22: 
0.000000  0.000000  0.000000  0.000000  0.000000  0.000000  
0.000000  0.000000  0.000000  0.000000  0.000000  0.000000  
0.000000  0.000000  0.000000  0.000000  0.000000  0.000000  
0.000000  0.000000  0.000000  0.000000  0.000000  0.000000  
0.000000  0.000000  0.000000  0.000000  0.000000  0.000000  
0.000000  0.000000  0.000000  0.000000  0.000000  0.000000  

s_F_input #22: 
0.000000  0.000000  0.000000  0.000000  0.000000  0.000000  
0.000000  0.000000  0.000000  0.000000  0.000000  0.000000  
0.000000  0.000000  0.000000  0.000000  0.000000  0.000000  

d_F_input #22: 
0.000000  0.000000  0.000000  0.000000  0.000000  0.000000  
0.000000  0.000000  0.000000  0.000000  0.000000  0.000000  
0.000000  0.000000  0.000000  0.000000  0.000000  0.000000  

s_F_lambda #23: 
0.000000  0.000000  0.000000  0.000000  0.000000  0.000000  
0.000000  0.000000  0.000000  0.000000  0.000000  0.000000  
0.000000  0.000000  0.000000  0.000000  0.000000  0.000000  
0.000000  0.000000  0.000000  0.000000  0.000000  0.000000  
0.000000  0.000000  0.000000  0.000000  0.000000  0.000000  
0.000000  0.000000  0.000000  0.000000  0.000000  0.000000  

d_F_lambda #23: 
0.000000  0.000000  0.000000  0.000000  0.000000  0.000000  
0.000000  0.000000  0.000000  0.000000  0.000000  0.000000  
0.000000  0.000000  0.000000  0.000000  0.000000  0.000000  
0.000000  0.000000  0.000000  0.000000  0.000000  0.000000  
0.000000  0.000000  0.000000  0.000000  0.000000  0.000000  
0.000000  0.000000  0.000000  0.000000  0.000000  0.000000  

s_F_state #23: 
0.000000  0.000000  0.000000  0.000000  0.000000  0.000000  
0.000000  0.000000  0.000000  0.000000  0.000000  0.000000  
0.000000  0.000000  0.000000  0.000000  0.000000  0.000000  
0.000000  0.000000  0.000000  0.000000  0.000000  0.000000  
0.000000  0.000000  0.000000  0.000000  0.000000  0.000000  
0.000000  0.000000  0.000000  0.000000  0.000000  0.000000  

d_F_state #23: 
0.000000  0.000000  0.000000  0.000000  0.000000  0.000000  
0.000000  0.000000  0.000000  0.000000  0.000000  0.000000  
0.000000  0.000000  0.000000  0.000000  0.000000  0.000000  
0.000000  0.000000  0.000000  0.000000  0.000000  0.000000  
0.000000  0.000000  0.000000  0.000000  0.000000  0.000000  
0.000000  0.000000  0.000000  0.000000  0.000000  0.000000  

s_F_input #23: 
0.000000  0.000000  0.000000  0.000000  0.000000  0.000000  
0.000000  0.000000  0.000000  0.000000  0.000000  0.000000  
0.000000  0.000000  0.000000  0.000000  0.000000  0.000000  

d_F_input #23: 
0.000000  0.000000  0.000000  0.000000  0.000000  0.000000  
0.000000  0.000000  0.000000  0.000000  0.000000  0.000000  
0.000000  0.000000  0.000000  0.000000  0.000000  0.000000  

s_d0: 
-1.000000  -2.200000  1.600000  -1.600000  4.200000  -1.000000  

d_d0: 
-1.000000  -2.200000  1.600000  -1.600000  4.200000  -1.000000  

s_q0: 
1.000000  -1.000000  2.000000  -2.000000  3.000000  -3.000000  

d_q0: 
1.000000  -1.000000  2.000000  -2.000000  3.000000  -3.000000  

s_r0: 
100.000000  0.000000  -100.000000  

d_r0: 
100.000000  0.000000  -100.000000  

s_d1: 
-1.500000  -1.500000  1.500000  1.500000  1.500000  1.500000  

d_d1: 
-1.500000  -1.500000  -1.500000  -1.500000  -1.500000  -1.500000  

s_q1: 
-4.000000  -2.400000  -0.800000  0.800000  2.400000  4.000000  

d_q1: 
4.000000  2.400000  0.800000  -0.800000  -2.400000  -4.000000  

s_r1: 
-2.000000  0.000000  2.000000  

d_r1: 
200.000000  0.000000  -200.000000  

s_d2: 
-3.000000  -3.000000  -3.000000  -3.000000  -3.000000  -3.000000  

d_d2: 
-3.000000  -3.000000  -3.000000  -3.000000  -3.000000  -3.000000  

s_q2: 
6.000000  3.600000  1.200000  -1.200000  -3.600000  -6.000000  

d_q2: 
6.000000  3.600000  1.200000  -1.200000  -3.600000  -6.000000  

s_r2: 
300.000000  0.000000  -300.000000  

d_r2: 
300.000000  0.000000  -300.000000  

s_d3: 
-4.500000  -4.500000  4.500000  4.500000  4.500000  4.500000  

d_d3: 
-4.500000  -4.500000  -4.500000  -4.500000  -4.500000  -4.500000  

s_q3: 
-8.000000  -4.800000  -1.600000  1.600000  4.800000  8.000000  

d_q3: 
8.000000  4.800000  1.600000  -1.600000  -4.800000  -8.000000  

s_r3: 
-4.000000  0.000000  4.000000  

d_r3: 
400.000000  0.000000  -400.000000  

s_d4: 
-6.000000  -6.000000  -6.000000  -6.000000  -6.000000  -6.000000  

d_d4: 
-6.000000  -6.000000  -6.000000  -6.000000  -6.000000  -6.000000  

s_q4: 
10.000000  6.000000  2.000000  -2.000000  -6.000000  -10.000000  

d_q4: 
10.000000  6.000000  2.000000  -2.000000  -6.000000  -10.000000  

s_r4: 
500.000000  0.000000  -500.000000  

d_r4: 
500.000000  0.000000  -500.000000  

s_d5: 
-7.500000  -7.500000  7.500000  7.500000  7.500000  7.500000  

d_d5: 
-7.500000  -7.500000  -7.500000  -7.500000  -7.500000  -7.500000  

s_q5: 
-12.000000  -7.200000  -2.400000  2.400000  7.200000  12.000000  

d_q5: 
12.000000  7.200000  2.400000  -2.400000  -7.200000  -12.000000  

s_r5: 
-6.000000  0.000000  6.000000  

d_r5: 
600.000000  0.000000  -600.000000  

s_d6: 
-9.000000  -9.000000  -9.000000  -9.000000  -9.000000  -9.000000  

d_d6: 
-9.000000  -9.000000  -9.000000  -9.000000  -9.000000  -9.000000  

s_q6: 
14.000000  8.400000  2.800000  -2.800000  -8.400000  -14.000000  

d_q6: 
14.000000  8.400000  2.800000  -2.800000  -8.400000  -14.000000  

s_r6: 
700.000000  0.000000  -700.000000  

d_r6: 
700.000000  0.000000  -700.000000  

s_d7: 
-10.500000  -10.500000  10.500000  10.500000  10.500000  10.500000  

d_d7: 
-10.500000  -10.500000  -10.500000  -10.500000  -10.500000  -10.500000  

s_q7: 
-160.000000  -96.000000  -32.000000  32.000000  96.000000  160.000000  

d_q7: 
16.000000  9.599999  3.200000  -3.200000  -9.599999  -16.000000  

s_r7: 
0.000000  0.000000  0.000000  

d_r7: 
-0.000000  -0.000000  -0.000000  
done with cuda!

Solve Time:  97.2 ms 
CHECK FINAL RESULTS on host
-1.000000  
-2.200000  
1.600000  
-1.600000  
4.200000  
-1.000000  
1.000000  
-1.000000  
2.000000  
-2.000000  
3.000000  
-3.000000  
100.000000  
0.000000  
-100.000000  
-1.500000  
-1.500000  
-1.500000  
-1.500000  
-1.500000  
-1.500000  
4.000000  
2.400000  
0.800000  
-0.800000  
-2.400000  
-4.000000  
200.000000  
0.000000  
-200.000000  
-3.000000  
-3.000000  
-3.000000  
-3.000000  
-3.000000  
-3.000000  
6.000000  
3.600000  
1.200000  
-1.200000  
-3.600000  
-6.000000  
300.000000  
0.000000  
-300.000000  
-4.500000  
-4.500000  
-4.500000  
-4.500000  
-4.500000  
-4.500000  
8.000000  
4.800000  
1.600000  
-1.600000  
-4.800000  
-8.000000  
400.000000  
0.000000  
-400.000000  
-6.000000  
-6.000000  
-6.000000  
-6.000000  
-6.000000  
-6.000000  
10.000000  
6.000000  
2.000000  
-2.000000  
-6.000000  
-10.000000  
500.000000  
0.000000  
-500.000000  
-7.500000  
-7.500000  
-7.500000  
-7.500000  
-7.500000  
-7.500000  
12.000000  
7.200000  
2.400000  
-2.400000  
-7.200000  
-12.000000  
600.000000  
0.000000  
-600.000000  
-9.000000  
-9.000000  
-9.000000  
-9.000000  
-9.000000  
-9.000000  
14.000000  
8.400000  
2.800000  
-2.800000  
-8.400000  
-14.000000  
700.000000  
0.000000  
-700.000000  
-10.500000  
-10.500000  
-10.500000  
-10.500000  
-10.500000  
-10.500000  
16.000000  
9.599999  
3.200000  
-3.200000  
-9.599999  
-16.000000  
-0.000000  
-0.000000  
-0.000000  
