Run Test
Allocated memory
all good
done with the loop!
done with the loop!
done with the loop!
CHECKING DATA AFTER fact_inner_sol 0
LEVEL 0

F_lambda #0: 
-1.000000  -0.000000  -0.000000  -0.000000  -0.000000  -0.000000  
-0.000000  -1.000000  -0.000000  -0.000000  -0.000000  -0.000000  
-0.000000  -0.000000  -1.000000  -0.000000  -0.000000  -0.000000  
-0.100000  -0.000000  -0.000000  -1.000000  -0.000000  -0.000000  
-0.000000  -0.100000  -0.000000  -0.000000  -1.000000  -0.000000  
-0.000000  -0.000000  -0.100000  -0.000000  -0.000000  -1.000000  

F_state #0: 
0.000000  0.000000  0.000000  0.000000  0.000000  0.000000  
0.000000  0.000000  0.000000  0.000000  0.000000  0.000000  
0.000000  0.000000  0.000000  0.000000  0.000000  0.000000  
0.000000  0.000000  0.000000  0.000000  0.000000  0.000000  
0.000000  0.000000  0.000000  0.000000  0.000000  0.000000  
0.000000  0.000000  0.000000  0.000000  0.000000  0.000000  

F_input #0: 
0.500000  0.000000  0.000000  10.000000  0.000000  0.000000  
0.000000  0.500000  0.000000  0.000000  10.000000  0.000000  
0.000000  0.000000  0.500000  0.000000  0.000000  10.000000  

F_lambda #1: 
1.001249  0.000000  0.000000  0.050000  0.000000  0.000000  
0.000000  1.001249  0.000000  0.000000  0.050000  0.000000  
0.000000  0.000000  1.001249  0.000000  0.000000  0.050000  
0.049938  0.000000  0.000000  1.413332  0.000000  0.000000  
0.000000  0.049938  0.000000  0.000000  1.413332  0.000000  
0.000000  0.000000  0.049938  0.000000  0.000000  1.413332  

F_state #1: 
-1.000000  0.000000  0.000000  0.000000  0.000000  0.000000  
0.000000  -1.000000  0.000000  0.000000  0.000000  0.000000  
0.000000  0.000000  -1.000000  0.000000  0.000000  0.000000  
0.000000  0.000000  0.000000  -1.000000  0.000000  0.000000  
0.000000  0.000000  0.000000  0.000000  -1.000000  0.000000  
0.000000  0.000000  0.000000  0.000000  0.000000  -1.000000  

F_input #1: 
0.000000  0.000000  0.000000  0.000000  0.000000  0.000000  
0.000000  0.000000  0.000000  0.000000  0.000000  0.000000  
0.000000  0.000000  0.000000  0.000000  0.000000  0.000000  

F_lambda #2: 
0.000000  0.000000  0.000000  0.000000  0.000000  0.000000  
0.000000  0.000000  0.000000  0.000000  0.000000  0.000000  
0.000000  0.000000  0.000000  0.000000  0.000000  0.000000  
0.000000  0.000000  0.000000  0.000000  0.000000  0.000000  
0.000000  0.000000  0.000000  0.000000  0.000000  0.000000  
0.000000  0.000000  0.000000  0.000000  0.000000  0.000000  

F_state #2: 
1.000000  0.000000  0.000000  0.000000  0.000000  0.000000  
0.000000  1.000000  0.000000  0.000000  0.000000  0.000000  
0.000000  0.000000  1.000000  0.000000  0.000000  0.000000  
0.100000  0.000000  0.000000  1.000000  0.000000  0.000000  
0.000000  0.100000  0.000000  0.000000  1.000000  0.000000  
0.000000  0.000000  0.100000  0.000000  0.000000  1.000000  

F_input #2: 
0.500000  0.000000  0.000000  10.000000  0.000000  0.000000  
0.000000  0.500000  0.000000  0.000000  10.000000  0.000000  
0.000000  0.000000  0.500000  0.000000  0.000000  10.000000  

F_lambda #3: 
1.418626  0.000000  0.000000  0.150000  0.000000  0.000000  
0.000000  1.418626  0.000000  0.000000  0.150000  0.000000  
0.000000  0.000000  1.418626  0.000000  0.000000  0.150000  
0.105736  0.000000  0.000000  1.728820  0.000000  0.000000  
0.000000  0.105736  0.000000  0.000000  1.728820  0.000000  
0.000000  0.000000  0.105736  0.000000  0.000000  1.728820  

F_state #3: 
-1.000000  0.000000  0.000000  0.000000  0.000000  0.000000  
0.000000  -1.000000  0.000000  0.000000  0.000000  0.000000  
0.000000  0.000000  -1.000000  0.000000  0.000000  0.000000  
0.000000  0.000000  0.000000  -1.000000  0.000000  0.000000  
0.000000  0.000000  0.000000  0.000000  -1.000000  0.000000  
0.000000  0.000000  0.000000  0.000000  0.000000  -1.000000  

F_input #3: 
0.000000  0.000000  0.000000  0.000000  0.000000  0.000000  
0.000000  0.000000  0.000000  0.000000  0.000000  0.000000  
0.000000  0.000000  0.000000  0.000000  0.000000  0.000000  

F_lambda #4: 
0.000000  0.000000  0.000000  0.000000  0.000000  0.000000  
0.000000  0.000000  0.000000  0.000000  0.000000  0.000000  
0.000000  0.000000  0.000000  0.000000  0.000000  0.000000  
0.000000  0.000000  0.000000  0.000000  0.000000  0.000000  
0.000000  0.000000  0.000000  0.000000  0.000000  0.000000  
0.000000  0.000000  0.000000  0.000000  0.000000  0.000000  

F_state #4: 
1.000000  0.000000  0.000000  0.000000  0.000000  0.000000  
0.000000  1.000000  0.000000  0.000000  0.000000  0.000000  
0.000000  0.000000  1.000000  0.000000  0.000000  0.000000  
0.100000  0.000000  0.000000  1.000000  0.000000  0.000000  
0.000000  0.100000  0.000000  0.000000  1.000000  0.000000  
0.000000  0.000000  0.100000  0.000000  0.000000  1.000000  

F_input #4: 
0.500000  0.000000  0.000000  10.000000  0.000000  0.000000  
0.000000  0.500000  0.000000  0.000000  10.000000  0.000000  
0.000000  0.000000  0.500000  0.000000  0.000000  10.000000  

F_lambda #5: 
1.418626  0.000000  0.000000  0.150000  0.000000  0.000000  
0.000000  1.418626  0.000000  0.000000  0.150000  0.000000  
0.000000  0.000000  1.418626  0.000000  0.000000  0.150000  
0.105736  0.000000  0.000000  1.728820  0.000000  0.000000  
0.000000  0.105736  0.000000  0.000000  1.728820  0.000000  
0.000000  0.000000  0.105736  0.000000  0.000000  1.728820  

F_state #5: 
-1.000000  0.000000  0.000000  0.000000  0.000000  0.000000  
0.000000  -1.000000  0.000000  0.000000  0.000000  0.000000  
0.000000  0.000000  -1.000000  0.000000  0.000000  0.000000  
0.000000  0.000000  0.000000  -1.000000  0.000000  0.000000  
0.000000  0.000000  0.000000  0.000000  -1.000000  0.000000  
0.000000  0.000000  0.000000  0.000000  0.000000  -1.000000  

F_input #5: 
0.000000  0.000000  0.000000  0.000000  0.000000  0.000000  
0.000000  0.000000  0.000000  0.000000  0.000000  0.000000  
0.000000  0.000000  0.000000  0.000000  0.000000  0.000000  

F_lambda #6: 
0.000000  0.000000  0.000000  0.000000  0.000000  0.000000  
0.000000  0.000000  0.000000  0.000000  0.000000  0.000000  
0.000000  0.000000  0.000000  0.000000  0.000000  0.000000  
0.000000  0.000000  0.000000  0.000000  0.000000  0.000000  
0.000000  0.000000  0.000000  0.000000  0.000000  0.000000  
0.000000  0.000000  0.000000  0.000000  0.000000  0.000000  

F_state #6: 
1.000000  0.000000  0.000000  0.000000  0.000000  0.000000  
0.000000  1.000000  0.000000  0.000000  0.000000  0.000000  
0.000000  0.000000  1.000000  0.000000  0.000000  0.000000  
0.100000  0.000000  0.000000  1.000000  0.000000  0.000000  
0.000000  0.100000  0.000000  0.000000  1.000000  0.000000  
0.000000  0.000000  0.100000  0.000000  0.000000  1.000000  

F_input #6: 
0.500000  0.000000  0.000000  10.000000  0.000000  0.000000  
0.000000  0.500000  0.000000  0.000000  10.000000  0.000000  
0.000000  0.000000  0.500000  0.000000  0.000000  10.000000  

F_lambda #7: 
1.054751  0.000000  0.000000  0.150000  0.000000  0.000000  
0.000000  1.054751  0.000000  0.000000  0.150000  0.000000  
0.000000  0.000000  1.054751  0.000000  0.000000  0.150000  
0.142214  0.000000  0.000000  1.442142  0.000000  0.000000  
0.000000  0.142214  0.000000  0.000000  1.442142  0.000000  
0.000000  0.000000  0.142214  0.000000  0.000000  1.442142  

F_state #7: 
-0.100000  0.000000  0.000000  0.000000  0.000000  0.000000  
0.000000  -0.100000  0.000000  0.000000  0.000000  0.000000  
0.000000  0.000000  -0.100000  0.000000  0.000000  0.000000  
0.000000  0.000000  0.000000  -0.100000  0.000000  0.000000  
0.000000  0.000000  0.000000  0.000000  -0.100000  0.000000  
0.000000  0.000000  0.000000  0.000000  0.000000  -0.100000  

F_input #7: 
0.000000  0.000000  0.000000  0.000000  0.000000  0.000000  
0.000000  0.000000  0.000000  0.000000  0.000000  0.000000  
0.000000  0.000000  0.000000  0.000000  0.000000  0.000000  

LEVEL 1

F_lambda #8: 
-0.996255  0.000000  0.000000  0.024969  0.000000  0.000000  
0.000000  -0.996255  0.000000  0.000000  0.024969  0.000000  
0.000000  0.000000  -0.996255  0.000000  0.000000  0.024969  
-0.124719  0.000000  0.000000  -0.498127  0.000000  0.000000  
0.000000  -0.124719  0.000000  0.000000  -0.498127  0.000000  
0.000000  0.000000  -0.124719  0.000000  0.000000  -0.498127  

F_state #8: 
0.000000  0.000000  0.000000  0.000000  0.000000  0.000000  
0.000000  0.000000  0.000000  0.000000  0.000000  0.000000  
0.000000  0.000000  0.000000  0.000000  0.000000  0.000000  
0.000000  0.000000  0.000000  0.000000  0.000000  0.000000  
0.000000  0.000000  0.000000  0.000000  0.000000  0.000000  
0.000000  0.000000  0.000000  0.000000  0.000000  0.000000  

F_input #8: 
0.749064  0.000000  0.000000  4.993757  0.000000  0.000000  
0.000000  0.749064  0.000000  0.000000  4.993757  0.000000  
0.000000  0.000000  0.749064  0.000000  0.000000  4.993757  

F_lambda #9: 
-0.996255  0.000000  0.000000  0.024969  0.000000  0.000000  
0.000000  -0.996255  0.000000  0.000000  0.024969  0.000000  
0.000000  0.000000  -0.996255  0.000000  0.000000  0.024969  
-0.025094  0.000000  0.000000  -0.500624  0.000000  0.000000  
0.000000  -0.025094  0.000000  0.000000  -0.500624  0.000000  
0.000000  0.000000  -0.025094  0.000000  0.000000  -0.500624  

F_state #9: 
0.003745  0.000000  0.000000  0.024969  0.000000  0.000000  
0.000000  0.003745  0.000000  0.000000  0.024969  0.000000  
0.000000  0.000000  0.003745  0.000000  0.000000  0.024969  
0.074906  0.000000  0.000000  0.499376  0.000000  0.000000  
0.000000  0.074906  0.000000  0.000000  0.499376  0.000000  
0.000000  0.000000  0.074906  0.000000  0.000000  0.499376  

F_input #9: 
0.500000  0.000000  0.000000  10.000000  0.000000  0.000000  
0.000000  0.500000  0.000000  0.000000  10.000000  0.000000  
0.000000  0.000000  0.500000  0.000000  0.000000  10.000000  

F_lambda #10: 
0.717623  0.000000  0.000000  0.099969  0.000000  0.000000  
0.000000  0.717623  0.000000  0.000000  0.099969  0.000000  
0.000000  0.000000  0.717623  0.000000  0.000000  0.099969  
0.139305  0.000000  0.000000  1.464715  0.000000  0.000000  
0.000000  0.139305  0.000000  0.000000  1.464715  0.000000  
0.000000  0.000000  0.139305  0.000000  0.000000  1.464715  

F_state #10: 
-0.501247  0.000000  0.000000  0.024938  0.000000  0.000000  
0.000000  -0.501247  0.000000  0.000000  0.024938  0.000000  
0.000000  0.000000  -0.501247  0.000000  0.000000  0.024938  
0.024938  0.000000  0.000000  -0.665420  0.000000  0.000000  
0.000000  0.024938  0.000000  0.000000  -0.665420  0.000000  
0.000000  0.000000  0.024938  0.000000  0.000000  -0.665420  

F_input #10: 
-0.000000  0.000000  0.000000  3.333333  0.000000  0.000000  
0.000000  -0.000000  0.000000  0.000000  3.333333  0.000000  
0.000000  0.000000  -0.000000  0.000000  0.000000  3.333333  

F_lambda #11: 
-0.498753  0.000000  0.000000  -0.024938  0.000000  0.000000  
0.000000  -0.498753  0.000000  0.000000  -0.024938  0.000000  
0.000000  0.000000  -0.498753  0.000000  0.000000  -0.024938  
0.024938  0.000000  0.000000  -0.332086  0.000000  0.000000  
0.000000  0.024938  0.000000  0.000000  -0.332086  0.000000  
0.000000  0.000000  0.024938  0.000000  0.000000  -0.332086  

F_state #11: 
-0.498753  0.000000  0.000000  -0.024938  0.000000  0.000000  
0.000000  -0.498753  0.000000  0.000000  -0.024938  0.000000  
0.000000  0.000000  -0.498753  0.000000  0.000000  -0.024938  
0.024938  0.000000  0.000000  -0.332086  0.000000  0.000000  
0.000000  0.024938  0.000000  0.000000  -0.332086  0.000000  
0.000000  0.000000  0.024938  0.000000  0.000000  -0.332086  

F_input #11: 
0.000000  0.000000  0.000000  0.000000  0.000000  0.000000  
0.000000  0.000000  0.000000  0.000000  0.000000  0.000000  
0.000000  0.000000  0.000000  0.000000  0.000000  0.000000  

F_lambda #12: 
0.000000  0.000000  0.000000  0.000000  0.000000  0.000000  
0.000000  0.000000  0.000000  0.000000  0.000000  0.000000  
0.000000  0.000000  0.000000  0.000000  0.000000  0.000000  
0.000000  0.000000  0.000000  0.000000  0.000000  0.000000  
0.000000  0.000000  0.000000  0.000000  0.000000  0.000000  
0.000000  0.000000  0.000000  0.000000  0.000000  0.000000  

F_state #12: 
0.496259  0.000000  0.000000  -0.024938  0.000000  0.000000  
0.000000  0.496259  0.000000  0.000000  -0.024938  0.000000  
0.000000  0.000000  0.496259  0.000000  0.000000  -0.024938  
0.058146  0.000000  0.000000  0.332086  0.000000  0.000000  
0.000000  0.058146  0.000000  0.000000  0.332086  0.000000  
0.000000  0.000000  0.058146  0.000000  0.000000  0.332086  

F_input #12: 
0.333333  0.000000  0.000000  3.333333  0.000000  0.000000  
0.000000  0.333333  0.000000  0.000000  3.333333  0.000000  
0.000000  0.000000  0.333333  0.000000  0.000000  3.333333  

F_lambda #13: 
-0.496259  0.000000  0.000000  0.024938  0.000000  0.000000  
0.000000  -0.496259  0.000000  0.000000  0.024938  0.000000  
0.000000  0.000000  -0.496259  0.000000  0.000000  0.024938  
-0.008520  0.000000  0.000000  -0.334580  0.000000  0.000000  
0.000000  -0.008520  0.000000  0.000000  -0.334580  0.000000  
0.000000  0.000000  -0.008520  0.000000  0.000000  -0.334580  

F_state #13: 
0.503741  0.000000  0.000000  0.024938  0.000000  0.000000  
0.000000  0.503741  0.000000  0.000000  0.024938  0.000000  
0.000000  0.000000  0.503741  0.000000  0.000000  0.024938  
0.091480  0.000000  0.000000  0.665420  0.000000  0.000000  
0.000000  0.091480  0.000000  0.000000  0.665420  0.000000  
0.000000  0.000000  0.091480  0.000000  0.000000  0.665420  

F_input #13: 
0.500000  0.000000  0.000000  10.000000  0.000000  0.000000  
0.000000  0.500000  0.000000  0.000000  10.000000  0.000000  
0.000000  0.000000  0.500000  0.000000  0.000000  10.000000  

F_lambda #14: 
0.779597  0.000000  0.000000  0.115548  0.000000  0.000000  
0.000000  0.779597  0.000000  0.000000  0.115548  0.000000  
0.000000  0.000000  0.779597  0.000000  0.000000  0.141480  
0.148215  0.000000  0.000000  1.471911  0.000000  0.000000  
0.000000  0.148215  0.000000  0.000000  1.471911  0.000000  
0.000000  0.000000  0.148215  0.000000  0.000000  1.625870  

F_state #14: 
-0.092382  0.000000  0.000000  0.025932  0.000000  0.000000  
0.000000  -0.092382  0.000000  0.000000  0.025932  0.000000  
0.000000  0.000000  -0.092382  0.000000  0.000000  0.000000  
0.025932  0.000000  0.000000  -0.523069  0.000000  0.000000  
0.000000  0.025932  0.000000  0.000000  -0.523069  0.000000  
0.000000  0.000000  0.025932  0.000000  0.000000  -1.000000  

F_input #14: 
-0.194490  0.000000  0.000000  4.756349  0.000000  0.000000  
0.000000  -0.194490  0.000000  0.000000  4.756349  0.000000  
0.000000  0.000000  -0.194490  0.000000  0.000000  4.756349  

F_lambda #15: 
-0.907618  0.000000  0.000000  -0.025932  0.000000  0.000000  
0.000000  -0.907618  0.000000  0.000000  -0.025932  0.000000  
0.000000  0.000000  -0.907618  0.000000  0.000000  -0.025932  
0.064830  0.000000  0.000000  -0.474338  0.000000  0.000000  
0.000000  0.064830  0.000000  0.000000  -0.474338  0.000000  
0.000000  0.000000  0.064830  0.000000  0.000000  -0.474338  

F_state #15: 
-0.090762  0.000000  0.000000  -0.002593  0.000000  0.000000  
0.000000  -0.090762  0.000000  0.000000  -0.002593  0.000000  
0.000000  0.000000  -0.090762  0.000000  0.000000  -0.002593  
0.006483  0.000000  0.000000  -0.047434  0.000000  0.000000  
0.000000  0.006483  0.000000  0.000000  -0.047434  0.000000  
0.000000  0.000000  0.006483  0.000000  0.000000  -0.047434  

F_input #15: 
0.000000  0.000000  0.000000  0.000000  0.000000  0.000000  
0.000000  0.000000  0.000000  0.000000  0.000000  0.000000  
0.000000  0.000000  0.000000  0.000000  0.000000  0.000000  

LEVEL 2

F_lambda #16: 
-0.963920  0.000000  0.000000  0.082536  0.000000  0.000000  
0.000000  -0.963920  0.000000  0.000000  0.082536  0.000000  
0.000000  0.000000  -0.963920  0.000000  0.000000  0.082536  
-0.111749  0.000000  0.000000  -0.068388  0.000000  0.000000  
0.000000  -0.111749  0.000000  0.000000  -0.068388  0.000000  
0.000000  0.000000  -0.111749  0.000000  0.000000  -0.068388  

F_state #16: 
0.000000  0.000000  0.000000  0.000000  0.000000  0.000000  
0.000000  0.000000  0.000000  0.000000  0.000000  0.000000  
0.000000  0.000000  0.000000  0.000000  0.000000  0.000000  
0.000000  0.000000  0.000000  0.000000  0.000000  0.000000  
0.000000  0.000000  0.000000  0.000000  0.000000  0.000000  
0.000000  0.000000  0.000000  0.000000  0.000000  0.000000  

F_input #16: 
0.635529  0.000000  0.000000  0.725147  0.000000  0.000000  
0.000000  0.635529  0.000000  0.000000  0.725147  0.000000  
0.000000  0.000000  0.635529  0.000000  0.000000  0.725147  

F_lambda #17: 
-0.963920  0.000000  0.000000  0.082536  0.000000  0.000000  
0.000000  -0.963920  0.000000  0.000000  0.082536  0.000000  
0.000000  0.000000  -0.963920  0.000000  0.000000  0.082536  
-0.015357  0.000000  0.000000  -0.076641  0.000000  0.000000  
0.000000  -0.015357  0.000000  0.000000  -0.076641  0.000000  
0.000000  0.000000  -0.015357  0.000000  0.000000  -0.076641  

F_state #17: 
0.003178  0.000000  0.000000  0.003626  0.000000  0.000000  
0.000000  0.003178  0.000000  0.000000  0.003626  0.000000  
0.000000  0.000000  0.003178  0.000000  0.000000  0.003626  
0.063553  0.000000  0.000000  0.072515  0.000000  0.000000  
0.000000  0.063553  0.000000  0.000000  0.072515  0.000000  
0.000000  0.000000  0.063553  0.000000  0.000000  0.072515  

F_input #17: 
0.305550  0.000000  0.000000  1.531016  0.000000  0.000000  
0.000000  0.305550  0.000000  0.000000  1.531016  0.000000  
0.000000  0.000000  0.305550  0.000000  0.000000  1.531016  

F_lambda #18: 
-0.967098  0.000000  0.000000  0.078910  0.000000  0.000000  
0.000000  -0.967098  0.000000  0.000000  0.078910  0.000000  
0.000000  0.000000  -0.967098  0.000000  0.000000  0.078910  
0.017800  0.000000  0.000000  -0.157047  0.000000  0.000000  
0.000000  0.017800  0.000000  0.000000  -0.157047  0.000000  
0.000000  0.000000  0.017800  0.000000  0.000000  -0.157047  

F_state #18: 
0.011061  0.000000  0.000000  0.018532  0.000000  0.000000  
0.000000  0.011061  0.000000  0.000000  0.018532  0.000000  
0.000000  0.000000  0.011061  0.000000  0.000000  0.018532  
0.094108  0.000000  0.000000  0.225616  0.000000  0.000000  
0.000000  0.094108  0.000000  0.000000  0.225616  0.000000  
0.000000  0.000000  0.094108  0.000000  0.000000  0.225616  

F_input #18: 
0.274000  0.000000  0.000000  3.856824  0.000000  0.000000  
0.000000  0.274000  0.000000  0.000000  3.856824  0.000000  
0.000000  0.000000  0.274000  0.000000  0.000000  3.856824  

F_lambda #19: 
-0.978159  0.000000  0.000000  0.060378  0.000000  0.000000  
0.000000  -0.978159  0.000000  0.000000  0.060378  0.000000  
0.000000  0.000000  -0.978159  0.000000  0.000000  0.060378  
0.021508  0.000000  0.000000  -0.388701  0.000000  0.000000  
0.000000  0.021508  0.000000  0.000000  -0.388701  0.000000  
0.000000  0.000000  0.021508  0.000000  0.000000  -0.388701  

F_state #19: 
0.021841  0.000000  0.000000  0.060378  0.000000  0.000000  
0.000000  0.021841  0.000000  0.000000  0.060378  0.000000  
0.000000  0.000000  0.021841  0.000000  0.000000  0.024938  
0.121508  0.000000  0.000000  0.611299  0.000000  0.000000  
0.000000  0.121508  0.000000  0.000000  0.611299  0.000000  
0.000000  0.000000  0.121508  0.000000  0.000000  0.665420  

F_input #19: 
0.500000  0.000000  0.000000  10.000000  0.000000  0.000000  
0.000000  0.500000  0.000000  0.000000  10.000000  0.000000  
0.000000  0.000000  0.500000  0.000000  0.000000  10.000000  

F_lambda #20: 
0.354914  0.000000  0.000000  0.116768  0.000000  0.000000  
0.000000  0.354914  0.000000  0.000000  0.116768  0.000000  
0.000000  0.000000  0.356579  0.000000  0.000000  0.116542  
0.329003  0.000000  0.000000  1.454422  0.000000  0.000000  
0.000000  0.329003  0.000000  0.000000  1.454422  0.000000  
0.000000  0.000000  0.318523  0.000000  0.000000  1.493112  

F_state #20: 
-0.089472  0.000000  0.000000  0.054740  0.000000  0.000000  
0.000000  -0.089472  0.000000  0.000000  0.054740  0.000000  
0.000000  0.000000  -0.090657  0.000000  0.000000  0.024938  
0.054740  0.000000  0.000000  -0.612287  0.000000  0.000000  
0.000000  0.054740  0.000000  0.000000  -0.612287  0.000000  
0.000000  0.000000  0.057929  0.000000  0.000000  -0.665420  

F_input #20: 
0.092136  0.000000  0.000000  3.849762  0.000000  0.000000  
0.000000  0.092136  0.000000  0.000000  3.849762  0.000000  
0.000000  0.000000  0.124618  0.000000  0.000000  3.762342  

F_lambda #21: 
-0.910528  0.000000  0.000000  -0.054740  0.000000  0.000000  
0.000000  -0.910528  0.000000  0.000000  -0.054740  0.000000  
0.000000  0.000000  -0.909343  0.000000  0.000000  -0.057929  
0.036313  0.000000  0.000000  -0.382239  0.000000  0.000000  
0.000000  0.036313  0.000000  0.000000  -0.382239  0.000000  
0.000000  0.000000  0.033005  0.000000  0.000000  -0.373338  

F_state #21: 
-0.083537  0.000000  0.000000  0.012760  0.000000  0.000000  
0.000000  -0.083537  0.000000  0.000000  0.012760  0.000000  
0.000000  0.000000  -0.084241  0.000000  0.000000  0.014654  
0.063954  0.000000  0.000000  -0.227311  0.000000  0.000000  
0.000000  0.063954  0.000000  0.000000  -0.227311  0.000000  
0.000000  0.000000  0.070391  0.000000  0.000000  -0.244635  

F_input #21: 
-0.137088  0.000000  0.000000  1.515535  0.000000  0.000000  
0.000000  -0.137088  0.000000  0.000000  1.515535  0.000000  
0.000000  0.000000  -0.038696  0.000000  0.000000  1.250733  

F_lambda #22: 
-0.826991  0.000000  0.000000  -0.067500  0.000000  0.000000  
0.000000  -0.826991  0.000000  0.000000  -0.067500  0.000000  
0.000000  0.000000  -0.825103  0.000000  0.000000  -0.072583  
0.055058  0.000000  0.000000  -0.148179  0.000000  0.000000  
0.000000  0.055058  0.000000  0.000000  -0.148179  0.000000  
0.000000  0.000000  0.045125  0.000000  0.000000  -0.121444  

F_state #22: 
-0.077827  0.000000  0.000000  -0.002393  0.000000  0.000000  
0.000000  -0.077827  0.000000  0.000000  -0.002393  0.000000  
0.000000  0.000000  -0.076225  0.000000  0.000000  -0.006705  
0.050245  0.000000  0.000000  -0.075757  0.000000  0.000000  
0.000000  0.050245  0.000000  0.000000  -0.075757  0.000000  
0.000000  0.000000  0.066521  0.000000  0.000000  -0.119562  

F_input #22: 
-0.422718  0.000000  0.000000  0.691661  0.000000  0.000000  
0.000000  -0.422718  0.000000  0.000000  0.691661  0.000000  
0.000000  0.000000  -0.375103  0.000000  0.000000  0.563514  

F_lambda #23: 
-0.749164  0.000000  0.000000  -0.065107  0.000000  0.000000  
0.000000  -0.749164  0.000000  0.000000  -0.065107  0.000000  
0.000000  0.000000  -0.747707  0.000000  0.000000  -0.069027  
0.079730  0.000000  0.000000  -0.065911  0.000000  0.000000  
0.000000  0.079730  0.000000  0.000000  -0.065911  0.000000  
0.000000  0.000000  0.074896  0.000000  0.000000  -0.052900  

F_state #23: 
-0.074916  0.000000  0.000000  -0.006511  0.000000  0.000000  
0.000000  -0.074916  0.000000  0.000000  -0.006511  0.000000  
0.000000  0.000000  -0.074771  0.000000  0.000000  -0.006903  
0.007973  0.000000  0.000000  -0.006591  0.000000  0.000000  
0.000000  0.007973  0.000000  0.000000  -0.006591  0.000000  
0.000000  0.000000  0.007490  0.000000  0.000000  -0.005290  

F_input #23: 
0.000000  0.000000  0.000000  0.000000  0.000000  0.000000  
0.000000  0.000000  0.000000  0.000000  0.000000  0.000000  
0.000000  0.000000  0.000000  0.000000  0.000000  0.000000  

d0: 
-1.000000  -2.200000  1.600000  -1.600000  4.200000  -1.000000  

q0: 
1.000000  -1.000000  2.000000  -2.000000  3.000000  -3.000000  

r0: 
100.000000  0.000000  -100.000000  

d1: 
-1.200000  -1.600000  1.900000  10.300000  6.900000  -7.500000  

q1: 
4.000000  2.400000  0.800000  -0.800000  -2.400000  -4.000000  

r1: 
200.000000  0.000000  -200.000000  

d2: 
-3.000000  -3.000000  -3.000000  -3.000000  -3.000000  -3.000000  

q2: 
6.000000  3.600000  1.200000  -1.200000  -3.600000  -6.000000  

r2: 
300.000000  0.000000  -300.000000  

d3: 
3.880000  2.940000  2.000000  34.899998  5.700000  -23.500000  

q3: 
8.000000  4.800000  1.600000  -1.600000  -4.800000  -8.000000  

r3: 
400.000000  0.000000  -400.000000  

d4: 
-6.000000  -6.000000  -6.000000  -6.000000  -6.000000  -6.000000  

q4: 
10.000000  6.000000  2.000000  -2.000000  -6.000000  -10.000000  

r4: 
500.000000  0.000000  -500.000000  

d5: 
7.799999  5.700000  3.600000  57.900002  8.700000  -40.500000  

q5: 
12.000000  7.200000  2.400000  -2.400000  -7.200000  -12.000000  

r5: 
600.000000  0.000000  -600.000000  

d6: 
-9.000000  -9.000000  -9.000000  -9.000000  -9.000000  -9.000000  

q6: 
14.000000  8.400000  2.800000  -2.800000  -8.400000  -14.000000  

r6: 
700.000000  0.000000  -700.000000  

d7: 
11.720001  8.460000  5.200000  80.899994  11.700000  -57.500000  

q7: 
16.000000  9.599999  3.200000  -3.200000  -9.599999  -16.000000  

r7: 
-0.000000  -0.000000  -0.000000  
CHECKING DATA AFTER fact_inner_sol 1
LEVEL 0

F_lambda #0: 
-1.000000  -0.000000  -0.000000  -0.000000  -0.000000  -0.000000  
-0.000000  -1.000000  -0.000000  -0.000000  -0.000000  -0.000000  
-0.000000  -0.000000  -1.000000  -0.000000  -0.000000  -0.000000  
-0.100000  -0.000000  -0.000000  -1.000000  -0.000000  -0.000000  
-0.000000  -0.100000  -0.000000  -0.000000  -1.000000  -0.000000  
-0.000000  -0.000000  -0.100000  -0.000000  -0.000000  -1.000000  

F_state #0: 
0.000000  0.000000  0.000000  0.000000  0.000000  0.000000  
0.000000  0.000000  0.000000  0.000000  0.000000  0.000000  
0.000000  0.000000  0.000000  0.000000  0.000000  0.000000  
0.000000  0.000000  0.000000  0.000000  0.000000  0.000000  
0.000000  0.000000  0.000000  0.000000  0.000000  0.000000  
0.000000  0.000000  0.000000  0.000000  0.000000  0.000000  

F_input #0: 
0.500000  0.000000  0.000000  10.000000  0.000000  0.000000  
0.000000  0.500000  0.000000  0.000000  10.000000  0.000000  
0.000000  0.000000  0.500000  0.000000  0.000000  10.000000  

F_lambda #1: 
1.001249  0.000000  0.000000  0.050000  0.000000  0.000000  
0.000000  1.001249  0.000000  0.000000  0.050000  0.000000  
0.000000  0.000000  1.001249  0.000000  0.000000  0.050000  
0.049938  0.000000  0.000000  1.413332  0.000000  0.000000  
0.000000  0.049938  0.000000  0.000000  1.413332  0.000000  
0.000000  0.000000  0.049938  0.000000  0.000000  1.413332  

F_state #1: 
-1.000000  0.000000  0.000000  0.000000  0.000000  0.000000  
0.000000  -1.000000  0.000000  0.000000  0.000000  0.000000  
0.000000  0.000000  -1.000000  0.000000  0.000000  0.000000  
0.000000  0.000000  0.000000  -1.000000  0.000000  0.000000  
0.000000  0.000000  0.000000  0.000000  -1.000000  0.000000  
0.000000  0.000000  0.000000  0.000000  0.000000  -1.000000  

F_input #1: 
0.000000  0.000000  0.000000  0.000000  0.000000  0.000000  
0.000000  0.000000  0.000000  0.000000  0.000000  0.000000  
0.000000  0.000000  0.000000  0.000000  0.000000  0.000000  

F_lambda #2: 
0.000000  0.000000  0.000000  0.000000  0.000000  0.000000  
0.000000  0.000000  0.000000  0.000000  0.000000  0.000000  
0.000000  0.000000  0.000000  0.000000  0.000000  0.000000  
0.000000  0.000000  0.000000  0.000000  0.000000  0.000000  
0.000000  0.000000  0.000000  0.000000  0.000000  0.000000  
0.000000  0.000000  0.000000  0.000000  0.000000  0.000000  

F_state #2: 
1.000000  0.000000  0.000000  0.000000  0.000000  0.000000  
0.000000  1.000000  0.000000  0.000000  0.000000  0.000000  
0.000000  0.000000  1.000000  0.000000  0.000000  0.000000  
0.100000  0.000000  0.000000  1.000000  0.000000  0.000000  
0.000000  0.100000  0.000000  0.000000  1.000000  0.000000  
0.000000  0.000000  0.100000  0.000000  0.000000  1.000000  

F_input #2: 
0.500000  0.000000  0.000000  10.000000  0.000000  0.000000  
0.000000  0.500000  0.000000  0.000000  10.000000  0.000000  
0.000000  0.000000  0.500000  0.000000  0.000000  10.000000  

F_lambda #3: 
1.418626  0.000000  0.000000  0.150000  0.000000  0.000000  
0.000000  1.418626  0.000000  0.000000  0.150000  0.000000  
0.000000  0.000000  1.418626  0.000000  0.000000  0.150000  
0.105736  0.000000  0.000000  1.728820  0.000000  0.000000  
0.000000  0.105736  0.000000  0.000000  1.728820  0.000000  
0.000000  0.000000  0.105736  0.000000  0.000000  1.728820  

F_state #3: 
-1.000000  0.000000  0.000000  0.000000  0.000000  0.000000  
0.000000  -1.000000  0.000000  0.000000  0.000000  0.000000  
0.000000  0.000000  -1.000000  0.000000  0.000000  0.000000  
0.000000  0.000000  0.000000  -1.000000  0.000000  0.000000  
0.000000  0.000000  0.000000  0.000000  -1.000000  0.000000  
0.000000  0.000000  0.000000  0.000000  0.000000  -1.000000  

F_input #3: 
0.000000  0.000000  0.000000  0.000000  0.000000  0.000000  
0.000000  0.000000  0.000000  0.000000  0.000000  0.000000  
0.000000  0.000000  0.000000  0.000000  0.000000  0.000000  

F_lambda #4: 
0.000000  0.000000  0.000000  0.000000  0.000000  0.000000  
0.000000  0.000000  0.000000  0.000000  0.000000  0.000000  
0.000000  0.000000  0.000000  0.000000  0.000000  0.000000  
0.000000  0.000000  0.000000  0.000000  0.000000  0.000000  
0.000000  0.000000  0.000000  0.000000  0.000000  0.000000  
0.000000  0.000000  0.000000  0.000000  0.000000  0.000000  

F_state #4: 
1.000000  0.000000  0.000000  0.000000  0.000000  0.000000  
0.000000  1.000000  0.000000  0.000000  0.000000  0.000000  
0.000000  0.000000  1.000000  0.000000  0.000000  0.000000  
0.100000  0.000000  0.000000  1.000000  0.000000  0.000000  
0.000000  0.100000  0.000000  0.000000  1.000000  0.000000  
0.000000  0.000000  0.100000  0.000000  0.000000  1.000000  

F_input #4: 
0.500000  0.000000  0.000000  10.000000  0.000000  0.000000  
0.000000  0.500000  0.000000  0.000000  10.000000  0.000000  
0.000000  0.000000  0.500000  0.000000  0.000000  10.000000  

F_lambda #5: 
1.418626  0.000000  0.000000  0.150000  0.000000  0.000000  
0.000000  1.418626  0.000000  0.000000  0.150000  0.000000  
0.000000  0.000000  1.418626  0.000000  0.000000  0.150000  
0.105736  0.000000  0.000000  1.728820  0.000000  0.000000  
0.000000  0.105736  0.000000  0.000000  1.728820  0.000000  
0.000000  0.000000  0.105736  0.000000  0.000000  1.728820  

F_state #5: 
-1.000000  0.000000  0.000000  0.000000  0.000000  0.000000  
0.000000  -1.000000  0.000000  0.000000  0.000000  0.000000  
0.000000  0.000000  -1.000000  0.000000  0.000000  0.000000  
0.000000  0.000000  0.000000  -1.000000  0.000000  0.000000  
0.000000  0.000000  0.000000  0.000000  -1.000000  0.000000  
0.000000  0.000000  0.000000  0.000000  0.000000  -1.000000  

F_input #5: 
0.000000  0.000000  0.000000  0.000000  0.000000  0.000000  
0.000000  0.000000  0.000000  0.000000  0.000000  0.000000  
0.000000  0.000000  0.000000  0.000000  0.000000  0.000000  

F_lambda #6: 
0.000000  0.000000  0.000000  0.000000  0.000000  0.000000  
0.000000  0.000000  0.000000  0.000000  0.000000  0.000000  
0.000000  0.000000  0.000000  0.000000  0.000000  0.000000  
0.000000  0.000000  0.000000  0.000000  0.000000  0.000000  
0.000000  0.000000  0.000000  0.000000  0.000000  0.000000  
0.000000  0.000000  0.000000  0.000000  0.000000  0.000000  

F_state #6: 
1.000000  0.000000  0.000000  0.000000  0.000000  0.000000  
0.000000  1.000000  0.000000  0.000000  0.000000  0.000000  
0.000000  0.000000  1.000000  0.000000  0.000000  0.000000  
0.100000  0.000000  0.000000  1.000000  0.000000  0.000000  
0.000000  0.100000  0.000000  0.000000  1.000000  0.000000  
0.000000  0.000000  0.100000  0.000000  0.000000  1.000000  

F_input #6: 
0.500000  0.000000  0.000000  10.000000  0.000000  0.000000  
0.000000  0.500000  0.000000  0.000000  10.000000  0.000000  
0.000000  0.000000  0.500000  0.000000  0.000000  10.000000  

F_lambda #7: 
1.054751  0.000000  0.000000  0.150000  0.000000  0.000000  
0.000000  1.054751  0.000000  0.000000  0.150000  0.000000  
0.000000  0.000000  1.054751  0.000000  0.000000  0.150000  
0.142214  0.000000  0.000000  1.442142  0.000000  0.000000  
0.000000  0.142214  0.000000  0.000000  1.442142  0.000000  
0.000000  0.000000  0.142214  0.000000  0.000000  1.442142  

F_state #7: 
-0.100000  0.000000  0.000000  0.000000  0.000000  0.000000  
0.000000  -0.100000  0.000000  0.000000  0.000000  0.000000  
0.000000  0.000000  -0.100000  0.000000  0.000000  0.000000  
0.000000  0.000000  0.000000  -0.100000  0.000000  0.000000  
0.000000  0.000000  0.000000  0.000000  -0.100000  0.000000  
0.000000  0.000000  0.000000  0.000000  0.000000  -0.100000  

F_input #7: 
0.000000  0.000000  0.000000  0.000000  0.000000  0.000000  
0.000000  0.000000  0.000000  0.000000  0.000000  0.000000  
0.000000  0.000000  0.000000  0.000000  0.000000  0.000000  

LEVEL 1

F_lambda #8: 
-0.996255  0.000000  0.000000  0.024969  0.000000  0.000000  
0.000000  -0.996255  0.000000  0.000000  0.024969  0.000000  
0.000000  0.000000  -0.996255  0.000000  0.000000  0.024969  
-0.124719  0.000000  0.000000  0.000000  0.000000  0.000000  
0.000000  0.000000  0.000000  0.000000  0.000000  0.000000  
0.000000  0.000000  0.000000  0.000000  0.000000  0.000000  
0.000000  0.000000  0.000000  0.000000  0.000000  0.000000  
0.000000  0.000000  0.000000  0.000000  0.000000  0.000000  

F_input #8: 
0.749064  0.000000  0.000000  4.993757  0.000000  0.000000  
0.000000  0.749064  0.000000  0.000000  4.993757  0.000000  
0.000000  0.000000  0.749064  0.000000  0.000000  4.993757  

F_lambda #9: 
-0.996255  0.000000  0.000000  0.024969  0.000000  0.000000  
0.000000  -0.996255  0.000000  0.000000  0.024969  0.000000  
0.000000  0.000000  -0.996255  0.000000  0.000000  0.024969  
-0.025094  0.000000  0.000000  -0.500624  0.000000  0.000000  
0.000000  -0.025094  0.000000  0.000000  -0.500624  0.000000  
0.000000  0.000000  -0.025094  0.000000  0.000000  -0.500624  

F_state #9: 
0.003745  0.000000  0.000000  0.024969  0.000000  0.000000  
0.000000  0.003745  0.000000  0.000000  0.024969  0.000000  
0.000000  0.000000  0.003745  0.000000  0.000000  0.024969  
0.074906  0.000000  0.000000  0.499376  0.000000  0.000000  
0.000000  0.074906  0.000000  0.000000  0.499376  0.000000  
0.000000  0.000000  0.074906  0.000000  0.000000  0.499376  

F_input #9: 
0.500000  0.000000  0.000000  10.000000  0.000000  0.000000  
0.000000  0.500000  0.000000  0.000000  10.000000  0.000000  
0.000000  0.000000  0.500000  0.000000  0.000000  10.000000  

F_lambda #10: 
0.717623  0.000000  0.000000  0.099969  0.000000  0.000000  
0.000000  0.717623  0.000000  0.000000  0.099969  0.000000  
0.000000  0.000000  0.717623  0.000000  0.000000  0.099969  
0.139305  0.000000  0.000000  1.464715  0.000000  0.000000  
0.000000  0.139305  0.000000  0.000000  1.464715  0.000000  
0.000000  0.000000  0.139305  0.000000  0.000000  1.464715  

F_state #10: 
-0.501247  0.000000  0.000000  0.024938  0.000000  0.000000  
0.000000  -0.501247  0.000000  0.000000  0.024938  0.000000  
0.000000  0.000000  -0.501247  0.000000  0.000000  0.024938  
0.024938  0.000000  0.000000  -0.665420  0.000000  0.000000  
0.000000  0.024938  0.000000  0.000000  -0.665420  0.000000  
0.000000  0.000000  0.024938  0.000000  0.000000  -0.665420  

F_input #10: 
-0.000000  0.000000  0.000000  3.333333  0.000000  0.000000  
0.000000  -0.000000  0.000000  0.000000  3.333333  0.000000  
0.000000  0.000000  -0.000000  0.000000  0.000000  3.333333  

F_lambda #11: 
-0.498753  0.000000  0.000000  -0.024938  0.000000  0.000000  
0.000000  -0.498753  0.000000  0.000000  -0.024938  0.000000  
0.000000  0.000000  -0.498753  0.000000  0.000000  -0.024938  
0.024938  0.000000  0.000000  -0.332086  0.000000  0.000000  
0.000000  0.024938  0.000000  0.000000  -0.332086  0.000000  
0.000000  0.000000  0.024938  0.000000  0.000000  -0.332086  

F_state #11: 
-0.498753  0.000000  0.000000  -0.024938  0.000000  0.000000  
0.000000  -0.498753  0.000000  0.000000  -0.024938  0.000000  
0.000000  0.000000  -0.498753  0.000000  0.000000  -0.024938  
0.024938  0.000000  0.000000  -0.332086  0.000000  0.000000  
0.000000  0.024938  0.000000  0.000000  -0.332086  0.000000  
0.000000  0.000000  0.024938  0.000000  0.000000  -0.332086  

F_input #11: 
0.000000  0.000000  0.000000  0.000000  0.000000  0.000000  
0.000000  0.000000  0.000000  0.000000  0.000000  0.000000  
0.000000  0.000000  0.000000  0.000000  0.000000  0.000000  

F_lambda #12: 
0.000000  0.000000  0.000000  0.000000  0.000000  0.000000  
0.000000  0.000000  0.000000  0.000000  0.000000  0.000000  
0.000000  0.000000  0.000000  0.000000  0.000000  0.000000  
0.000000  0.000000  0.000000  0.000000  0.000000  0.000000  
0.000000  0.000000  0.000000  0.000000  0.000000  0.000000  
0.000000  0.000000  0.000000  0.000000  0.000000  0.000000  

F_state #12: 
0.496259  0.000000  0.000000  -0.024938  0.000000  0.000000  
0.000000  0.496259  0.000000  0.000000  -0.024938  0.000000  
0.000000  0.000000  0.496259  0.000000  0.000000  -0.024938  
0.058146  0.000000  0.000000  0.332086  0.000000  0.000000  
0.000000  0.058146  0.000000  0.000000  0.332086  0.000000  
0.000000  0.000000  0.058146  0.000000  0.000000  0.332086  

F_input #12: 
0.333333  0.000000  0.000000  3.333333  0.000000  0.000000  
0.000000  0.333333  0.000000  0.000000  3.333333  0.000000  
0.000000  0.000000  0.333333  0.000000  0.000000  3.333333  

F_lambda #13: 
-0.496259  0.000000  0.000000  0.024938  0.000000  0.000000  
0.000000  -0.496259  0.000000  0.000000  0.024938  0.000000  
0.000000  0.000000  -0.496259  0.000000  0.000000  0.024938  
-0.008520  0.000000  0.000000  -0.334580  0.000000  0.000000  
0.000000  -0.008520  0.000000  0.000000  -0.334580  0.000000  
0.000000  0.000000  -0.008520  0.000000  0.000000  -0.334580  

F_state #13: 
0.503741  0.000000  0.000000  0.024938  0.000000  0.000000  
0.000000  0.503741  0.000000  0.000000  0.024938  0.000000  
0.000000  0.000000  0.503741  0.000000  0.000000  0.024938  
0.091480  0.000000  0.000000  0.665420  0.000000  0.000000  
0.000000  0.091480  0.000000  0.000000  0.665420  0.000000  
0.000000  0.000000  0.091480  0.000000  0.000000  0.665420  

F_input #13: 
0.500000  0.000000  0.000000  10.000000  0.000000  0.000000  
0.000000  0.500000  0.000000  0.000000  10.000000  0.000000  
0.000000  0.000000  0.500000  0.000000  0.000000  10.000000  

F_lambda #14: 
0.779597  0.000000  0.000000  0.115548  0.000000  0.000000  
0.000000  0.779597  0.000000  0.000000  0.115548  0.000000  
0.000000  0.000000  0.779597  0.000000  0.000000  0.141480  
0.148215  0.000000  0.000000  1.471911  0.000000  0.000000  
0.000000  0.148215  0.000000  0.000000  1.471911  0.000000  
0.000000  0.000000  0.148215  0.000000  0.000000  1.625870  

F_state #14: 
-0.092382  0.000000  0.000000  0.025932  0.000000  0.000000  
0.000000  -0.092382  0.000000  0.000000  0.025932  0.000000  
0.000000  0.000000  -0.092382  0.000000  0.000000  0.000000  
0.025932  0.000000  0.000000  -0.523069  0.000000  0.000000  
0.000000  0.025932  0.000000  0.000000  -0.523069  0.000000  
0.000000  0.000000  0.025932  0.000000  0.000000  -1.000000  

F_input #14: 
-0.194490  0.000000  0.000000  4.756349  0.000000  0.000000  
0.000000  -0.194490  0.000000  0.000000  4.756349  0.000000  
0.000000  0.000000  -0.194490  0.000000  0.000000  4.756349  

F_lambda #15: 
-0.907618  0.000000  0.000000  -0.025932  0.000000  0.000000  
0.000000  -0.907618  0.000000  0.000000  -0.025932  0.000000  
0.000000  0.000000  -0.907618  0.000000  0.000000  -0.025932  
0.064830  0.000000  0.000000  -0.474338  0.000000  0.000000  
0.000000  0.064830  0.000000  0.000000  -0.474338  0.000000  
0.000000  0.000000  0.064830  0.000000  0.000000  -0.474338  

F_state #15: 
-0.090762  0.000000  0.000000  -0.002593  0.000000  0.000000  
0.000000  -0.090762  0.000000  0.000000  -0.002593  0.000000  
0.000000  0.000000  -0.090762  0.000000  0.000000  -0.002593  
0.006483  0.000000  0.000000  -0.047434  0.000000  0.000000  
0.000000  0.006483  0.000000  0.000000  -0.047434  0.000000  
0.000000  0.000000  0.006483  0.000000  0.000000  -0.047434  

F_input #15: 
0.000000  0.000000  0.000000  0.000000  0.000000  0.000000  
0.000000  0.000000  0.000000  0.000000  0.000000  0.000000  
0.000000  0.000000  0.000000  0.000000  0.000000  0.000000  

LEVEL 2

F_lambda #16: 
-0.963920  0.000000  0.000000  0.082536  0.000000  0.000000  
0.000000  -0.963920  0.000000  0.000000  0.082536  0.000000  
0.000000  0.000000  -0.963920  0.000000  0.000000  0.082536  
-0.111749  0.000000  0.000000  -0.068388  0.000000  0.000000  
0.000000  -0.111749  0.000000  0.000000  -0.068388  0.000000  
0.000000  0.000000  -0.111749  0.000000  0.000000  -0.068388  

F_state #16: 
0.000000  0.000000  0.000000  0.000000  0.000000  0.000000  
0.000000  0.000000  0.000000  0.000000  0.000000  0.000000  
0.000000  0.000000  0.000000  0.000000  0.000000  0.000000  
0.000000  0.000000  0.000000  0.000000  0.000000  0.000000  
0.000000  0.000000  0.000000  0.000000  0.000000  0.000000  
0.000000  0.000000  0.000000  0.000000  0.000000  0.000000  

F_input #16: 
0.635529  0.000000  0.000000  0.725147  0.000000  0.000000  
0.000000  0.635529  0.000000  0.000000  0.725147  0.000000  
0.000000  0.000000  0.635529  0.000000  0.000000  0.725147  

F_lambda #17: 
-0.963920  0.000000  0.000000  0.082536  0.000000  0.000000  
0.000000  -0.963920  0.000000  0.000000  0.082536  0.000000  
0.000000  0.000000  -0.963920  0.000000  0.000000  0.082536  
-0.015357  0.000000  0.000000  -0.076641  0.000000  0.000000  
0.000000  -0.015357  0.000000  0.000000  -0.076641  0.000000  
0.000000  0.000000  -0.015357  0.000000  0.000000  -0.076641  

F_state #17: 
0.003178  0.000000  0.000000  0.003626  0.000000  0.000000  
0.000000  0.003178  0.000000  0.000000  0.003626  0.000000  
0.000000  0.000000  0.003178  0.000000  0.000000  0.003626  
0.063553  0.000000  0.000000  0.072515  0.000000  0.000000  
0.000000  0.063553  0.000000  0.000000  0.072515  0.000000  
0.000000  0.000000  0.063553  0.000000  0.000000  0.072515  

F_input #17: 
0.305550  0.000000  0.000000  1.531016  0.000000  0.000000  
0.000000  0.305550  0.000000  0.000000  1.531016  0.000000  
0.000000  0.000000  0.305550  0.000000  0.000000  1.531016  

F_lambda #18: 
-0.967098  0.000000  0.000000  0.078910  0.000000  0.000000  
0.000000  -0.967098  0.000000  0.000000  0.078910  0.000000  
0.000000  0.000000  -0.967098  0.000000  0.000000  0.078910  
0.017800  0.000000  0.000000  -0.157047  0.000000  0.000000  
0.000000  0.017800  0.000000  0.000000  -0.157047  0.000000  
0.000000  0.000000  0.017800  0.000000  0.000000  -0.157047  

F_state #18: 
0.011061  0.000000  0.000000  0.018532  0.000000  0.000000  
0.000000  0.011061  0.000000  0.000000  0.018532  0.000000  
0.000000  0.000000  0.011061  0.000000  0.000000  0.018532  
0.094108  0.000000  0.000000  0.225616  0.000000  0.000000  
0.000000  0.094108  0.000000  0.000000  0.225616  0.000000  
0.000000  0.000000  0.094108  0.000000  0.000000  0.225616  

F_input #18: 
0.274000  0.000000  0.000000  3.856824  0.000000  0.000000  
0.000000  0.274000  0.000000  0.000000  3.856824  0.000000  
0.000000  0.000000  0.274000  0.000000  0.000000  3.856824  

F_lambda #19: 
-0.978159  0.000000  0.000000  0.060378  0.000000  0.000000  
0.000000  -0.978159  0.000000  0.000000  0.060378  0.000000  
0.000000  0.000000  -0.978159  0.000000  0.000000  0.060378  
0.021508  0.000000  0.000000  -0.388701  0.000000  0.000000  
0.000000  0.021508  0.000000  0.000000  -0.388701  0.000000  
0.000000  0.000000  0.021508  0.000000  0.000000  -0.388701  

F_state #19: 
0.021841  0.000000  0.000000  0.060378  0.000000  0.000000  
0.000000  0.021841  0.000000  0.000000  0.060378  0.000000  
0.000000  0.000000  0.021841  0.000000  0.000000  0.024938  
0.121508  0.000000  0.000000  0.611299  0.000000  0.000000  
0.000000  0.121508  0.000000  0.000000  0.611299  0.000000  
0.000000  0.000000  0.121508  0.000000  0.000000  0.665420  

F_input #19: 
0.500000  0.000000  0.000000  10.000000  0.000000  0.000000  
0.000000  0.500000  0.000000  0.000000  10.000000  0.000000  
0.000000  0.000000  0.500000  0.000000  0.000000  10.000000  

F_lambda #20: 
0.354914  0.000000  0.000000  0.116768  0.000000  0.000000  
0.000000  0.354914  0.000000  0.000000  0.116768  0.000000  
0.000000  0.000000  0.356579  0.000000  0.000000  0.116542  
0.329003  0.000000  0.000000  1.454422  0.000000  0.000000  
0.000000  0.329003  0.000000  0.000000  1.454422  0.000000  
0.000000  0.000000  0.318523  0.000000  0.000000  1.493112  

F_state #20: 
-0.089472  0.000000  0.000000  0.054740  0.000000  0.000000  
0.000000  -0.089472  0.000000  0.000000  0.054740  0.000000  
0.000000  0.000000  -0.090657  0.000000  0.000000  0.024938  
0.054740  0.000000  0.000000  -0.612287  0.000000  0.000000  
0.000000  0.054740  0.000000  0.000000  -0.612287  0.000000  
0.000000  0.000000  0.057929  0.000000  0.000000  -0.665420  

F_input #20: 
0.092136  0.000000  0.000000  3.849762  0.000000  0.000000  
0.000000  0.092136  0.000000  0.000000  3.849762  0.000000  
0.000000  0.000000  0.124618  0.000000  0.000000  3.762342  

F_lambda #21: 
-0.910528  0.000000  0.000000  -0.054740  0.000000  0.000000  
0.000000  -0.910528  0.000000  0.000000  -0.054740  0.000000  
0.000000  0.000000  -0.909343  0.000000  0.000000  -0.057929  
0.036313  0.000000  0.000000  -0.382239  0.000000  0.000000  
0.000000  0.036313  0.000000  0.000000  -0.382239  0.000000  
0.000000  0.000000  0.033005  0.000000  0.000000  -0.373338  

F_state #21: 
-0.083537  0.000000  0.000000  0.012760  0.000000  0.000000  
0.000000  -0.083537  0.000000  0.000000  0.012760  0.000000  
0.000000  0.000000  -0.084241  0.000000  0.000000  0.014654  
0.063954  0.000000  0.000000  -0.227311  0.000000  0.000000  
0.000000  0.063954  0.000000  0.000000  -0.227311  0.000000  
0.000000  0.000000  0.070391  0.000000  0.000000  -0.244635  

F_input #21: 
-0.137088  0.000000  0.000000  1.515535  0.000000  0.000000  
0.000000  -0.137088  0.000000  0.000000  1.515535  0.000000  
0.000000  0.000000  -0.038696  0.000000  0.000000  1.250733  

F_lambda #22: 
-0.826991  0.000000  0.000000  -0.067500  0.000000  0.000000  
0.000000  -0.826991  0.000000  0.000000  -0.067500  0.000000  
0.000000  0.000000  -0.825103  0.000000  0.000000  -0.072583  
0.055058  0.000000  0.000000  -0.148179  0.000000  0.000000  
0.000000  0.055058  0.000000  0.000000  -0.148179  0.000000  
0.000000  0.000000  0.045125  0.000000  0.000000  -0.121444  

F_state #22: 
-0.077827  0.000000  0.000000  -0.002393  0.000000  0.000000  
0.000000  -0.077827  0.000000  0.000000  -0.002393  0.000000  
0.000000  0.000000  -0.076225  0.000000  0.000000  -0.006705  
0.050245  0.000000  0.000000  -0.075757  0.000000  0.000000  
0.000000  0.050245  0.000000  0.000000  -0.075757  0.000000  
0.000000  0.000000  0.066521  0.000000  0.000000  -0.119562  

F_input #22: 
-0.422718  0.000000  0.000000  0.691661  0.000000  0.000000  
0.000000  -0.422718  0.000000  0.000000  0.691661  0.000000  
0.000000  0.000000  -0.375103  0.000000  0.000000  0.563514  

F_lambda #23: 
-0.749164  0.000000  0.000000  -0.065107  0.000000  0.000000  
0.000000  -0.749164  0.000000  0.000000  -0.065107  0.000000  
0.000000  0.000000  -0.747707  0.000000  0.000000  -0.069027  
0.079730  0.000000  0.000000  -0.065911  0.000000  0.000000  
0.000000  0.079730  0.000000  0.000000  -0.065911  0.000000  
0.000000  0.000000  0.074896  0.000000  0.000000  -0.052900  

F_state #23: 
-0.074916  0.000000  0.000000  -0.006511  0.000000  0.000000  
0.000000  -0.074916  0.000000  0.000000  -0.006511  0.000000  
0.000000  0.000000  -0.074771  0.000000  0.000000  -0.006903  
0.007973  0.000000  0.000000  -0.006591  0.000000  0.000000  
0.000000  0.007973  0.000000  0.000000  -0.006591  0.000000  
0.000000  0.000000  0.007490  0.000000  0.000000  -0.005290  

F_input #23: 
0.000000  0.000000  0.000000  0.000000  0.000000  0.000000  
0.000000  0.000000  0.000000  0.000000  0.000000  0.000000  
0.000000  0.000000  0.000000  0.000000  0.000000  0.000000  

d0: 
-2.455681  -3.970287  3.684894  3.440825  7.517228  -4.593633  

q0: 
1.000000  -1.000000  2.000000  -2.000000  3.000000  -3.000000  

r0: 
48.863918  -34.057430  -63.021225  

d1: 
-1.455681  -1.770287  2.084894  5.186392  3.494257  -3.802122  

q1: 
2.544319  0.629713  2.884894  4.386392  1.094257  -7.802122  

r1: 
200.000000  0.000000  -200.000000  

d2: 
2.047797  1.463328  4.488223  40.272968  9.660467  -26.556278  

q2: 
4.935162  2.275810  -0.383541  -12.886575  -5.566210  1.754157  

r2: 
183.666656  -19.000002  -221.666656  

d3: 
1.064838  1.324189  1.583541  11.580091  1.833791  -7.912511  

q3: 
9.064837  6.124189  3.183541  9.980091  -2.966209  -15.912511  

r3: 
400.000000  0.000000  -400.000000  

d4: 
-6.000000  -6.000000  -6.000000  -6.000000  -6.000000  -6.000000  

q4: 
7.553617  3.374065  -0.805486  -21.422319  -9.031297  3.359726  

r4: 
307.000000  -29.000000  -365.000000  

d5: 
2.446384  2.625935  2.805486  19.177681  2.768703  -13.640275  

q5: 
14.446383  9.825935  5.205486  16.777681  -4.431296  -25.640274  

r5: 
600.000000  0.000000  -600.000000  

d6: 
19.516697  16.902740  14.288785  127.255569  18.737846  -89.779877  

q6: 
8.607455  1.480064  -5.647326  -41.477886  -14.169142  13.139603  

r6: 
315.917389  -54.231445  -424.380310  

d7: 
5.392545  6.919935  8.447327  38.138634  5.077148  -27.984335  

q7: 
16.539255  10.291993  4.044733  0.613863  -9.092284  -18.798433  

r7: 
-0.000000  -0.000000  -0.000000  
CHECKING DATA AFTER fact_inner_sol 2
LEVEL 0

F_lambda #0: 
-1.000000  -0.000000  -0.000000  -0.000000  -0.000000  -0.000000  
-0.000000  -1.000000  -0.000000  -0.000000  -0.000000  -0.000000  
-0.000000  -0.000000  -1.000000  -0.000000  -0.000000  -0.000000  
-0.100000  -0.000000  -0.000000  -1.000000  -0.000000  -0.000000  
-0.000000  -0.100000  -0.000000  -0.000000  -1.000000  -0.000000  
-0.000000  -0.000000  -0.100000  -0.000000  -0.000000  -1.000000  

F_state #0: 
0.000000  0.000000  0.000000  0.000000  0.000000  0.000000  
0.000000  0.000000  0.000000  0.000000  0.000000  0.000000  
0.000000  0.000000  0.000000  0.000000  0.000000  0.000000  
0.000000  0.000000  0.000000  0.000000  0.000000  0.000000  
0.000000  0.000000  0.000000  0.000000  0.000000  0.000000  
0.000000  0.000000  0.000000  0.000000  0.000000  0.000000  

F_input #0: 
0.500000  0.000000  0.000000  10.000000  0.000000  0.000000  
0.000000  0.500000  0.000000  0.000000  10.000000  0.000000  
0.000000  0.000000  0.500000  0.000000  0.000000  10.000000  

F_lambda #1: 
1.001249  0.000000  0.000000  0.050000  0.000000  0.000000  
0.000000  1.001249  0.000000  0.000000  0.050000  0.000000  
0.000000  0.000000  1.001249  0.000000  0.000000  0.050000  
0.049938  0.000000  0.000000  1.413332  0.000000  0.000000  
0.000000  0.049938  0.000000  0.000000  1.413332  0.000000  
0.000000  0.000000  0.049938  0.000000  0.000000  1.413332  

F_state #1: 
-1.000000  0.000000  0.000000  0.000000  0.000000  0.000000  
0.000000  -1.000000  0.000000  0.000000  0.000000  0.000000  
0.000000  0.000000  -1.000000  0.000000  0.000000  0.000000  
0.000000  0.000000  0.000000  -1.000000  0.000000  0.000000  
0.000000  0.000000  0.000000  0.000000  -1.000000  0.000000  
0.000000  0.000000  0.000000  0.000000  0.000000  -1.000000  

F_input #1: 
0.000000  0.000000  0.000000  0.000000  0.000000  0.000000  
0.000000  0.000000  0.000000  0.000000  0.000000  0.000000  
0.000000  0.000000  0.000000  0.000000  0.000000  0.000000  

F_lambda #2: 
0.000000  0.000000  0.000000  0.000000  0.000000  0.000000  
0.000000  0.000000  0.000000  0.000000  0.000000  0.000000  
0.000000  0.000000  0.000000  0.000000  0.000000  0.000000  
0.000000  0.000000  0.000000  0.000000  0.000000  0.000000  
0.000000  0.000000  0.000000  0.000000  0.000000  0.000000  
0.000000  0.000000  0.000000  0.000000  0.000000  0.000000  

F_state #2: 
1.000000  0.000000  0.000000  0.000000  0.000000  0.000000  
0.000000  1.000000  0.000000  0.000000  0.000000  0.000000  
0.000000  0.000000  1.000000  0.000000  0.000000  0.000000  
0.100000  0.000000  0.000000  1.000000  0.000000  0.000000  
0.000000  0.100000  0.000000  0.000000  1.000000  0.000000  
0.000000  0.000000  0.100000  0.000000  0.000000  1.000000  

F_input #2: 
0.500000  0.000000  0.000000  10.000000  0.000000  0.000000  
0.000000  0.500000  0.000000  0.000000  10.000000  0.000000  
0.000000  0.000000  0.500000  0.000000  0.000000  10.000000  

F_lambda #3: 
1.418626  0.000000  0.000000  0.150000  0.000000  0.000000  
0.000000  1.418626  0.000000  0.000000  0.150000  0.000000  
0.000000  0.000000  1.418626  0.000000  0.000000  0.150000  
0.105736  0.000000  0.000000  1.728820  0.000000  0.000000  
0.000000  0.105736  0.000000  0.000000  1.728820  0.000000  
0.000000  0.000000  0.105736  0.000000  0.000000  1.728820  

F_state #3: 
-1.000000  0.000000  0.000000  0.000000  0.000000  0.000000  
0.000000  -1.000000  0.000000  0.000000  0.000000  0.000000  
0.000000  0.000000  -1.000000  0.000000  0.000000  0.000000  
0.000000  0.000000  0.000000  -1.000000  0.000000  0.000000  
0.000000  0.000000  0.000000  0.000000  -1.000000  0.000000  
0.000000  0.000000  0.000000  0.000000  0.000000  -1.000000  

F_input #3: 
0.000000  0.000000  0.000000  0.000000  0.000000  0.000000  
0.000000  0.000000  0.000000  0.000000  0.000000  0.000000  
0.000000  0.000000  0.000000  0.000000  0.000000  0.000000  

F_lambda #4: 
0.000000  0.000000  0.000000  0.000000  0.000000  0.000000  
0.000000  0.000000  0.000000  0.000000  0.000000  0.000000  
0.000000  0.000000  0.000000  0.000000  0.000000  0.000000  
0.000000  0.000000  0.000000  0.000000  0.000000  0.000000  
0.000000  0.000000  0.000000  0.000000  0.000000  0.000000  
0.000000  0.000000  0.000000  0.000000  0.000000  0.000000  

F_state #4: 
1.000000  0.000000  0.000000  0.000000  0.000000  0.000000  
0.000000  1.000000  0.000000  0.000000  0.000000  0.000000  
0.000000  0.000000  1.000000  0.000000  0.000000  0.000000  
0.100000  0.000000  0.000000  1.000000  0.000000  0.000000  
0.000000  0.100000  0.000000  0.000000  1.000000  0.000000  
0.000000  0.000000  0.100000  0.000000  0.000000  1.000000  

F_input #4: 
0.500000  0.000000  0.000000  10.000000  0.000000  0.000000  
0.000000  0.500000  0.000000  0.000000  10.000000  0.000000  
0.000000  0.000000  0.500000  0.000000  0.000000  10.000000  

F_lambda #5: 
1.418626  0.000000  0.000000  0.150000  0.000000  0.000000  
0.000000  1.418626  0.000000  0.000000  0.150000  0.000000  
0.000000  0.000000  1.418626  0.000000  0.000000  0.150000  
0.105736  0.000000  0.000000  1.728820  0.000000  0.000000  
0.000000  0.105736  0.000000  0.000000  1.728820  0.000000  
0.000000  0.000000  0.105736  0.000000  0.000000  1.728820  

F_state #5: 
-1.000000  0.000000  0.000000  0.000000  0.000000  0.000000  
0.000000  -1.000000  0.000000  0.000000  0.000000  0.000000  
0.000000  0.000000  -1.000000  0.000000  0.000000  0.000000  
0.000000  0.000000  0.000000  -1.000000  0.000000  0.000000  
0.000000  0.000000  0.000000  0.000000  -1.000000  0.000000  
0.000000  0.000000  0.000000  0.000000  0.000000  -1.000000  

F_input #5: 
0.000000  0.000000  0.000000  0.000000  0.000000  0.000000  
0.000000  0.000000  0.000000  0.000000  0.000000  0.000000  
0.000000  0.000000  0.000000  0.000000  0.000000  0.000000  

F_lambda #6: 
0.000000  0.000000  0.000000  0.000000  0.000000  0.000000  
0.000000  0.000000  0.000000  0.000000  0.000000  0.000000  
0.000000  0.000000  0.000000  0.000000  0.000000  0.000000  
0.000000  0.000000  0.000000  0.000000  0.000000  0.000000  
0.000000  0.000000  0.000000  0.000000  0.000000  0.000000  
0.000000  0.000000  0.000000  0.000000  0.000000  0.000000  

F_state #6: 
1.000000  0.000000  0.000000  0.000000  0.000000  0.000000  
0.000000  1.000000  0.000000  0.000000  0.000000  0.000000  
0.000000  0.000000  1.000000  0.000000  0.000000  0.000000  
0.100000  0.000000  0.000000  1.000000  0.000000  0.000000  
0.000000  0.100000  0.000000  0.000000  1.000000  0.000000  
0.000000  0.000000  0.100000  0.000000  0.000000  1.000000  

F_input #6: 
0.500000  0.000000  0.000000  10.000000  0.000000  0.000000  
0.000000  0.500000  0.000000  0.000000  10.000000  0.000000  
0.000000  0.000000  0.500000  0.000000  0.000000  10.000000  

F_lambda #7: 
1.054751  0.000000  0.000000  0.150000  0.000000  0.000000  
0.000000  1.054751  0.000000  0.000000  0.150000  0.000000  
0.000000  0.000000  1.054751  0.000000  0.000000  0.150000  
0.142214  0.000000  0.000000  1.442142  0.000000  0.000000  
0.000000  0.142214  0.000000  0.000000  1.442142  0.000000  
0.000000  0.000000  0.142214  0.000000  0.000000  1.442142  

F_state #7: 
-0.100000  0.000000  0.000000  0.000000  0.000000  0.000000  
0.000000  -0.100000  0.000000  0.000000  0.000000  0.000000  
0.000000  0.000000  -0.100000  0.000000  0.000000  0.000000  
0.000000  0.000000  0.000000  -0.100000  0.000000  0.000000  
0.000000  0.000000  0.000000  0.000000  -0.100000  0.000000  
0.000000  0.000000  0.000000  0.000000  0.000000  -0.100000  

F_input #7: 
0.000000  0.000000  0.000000  0.000000  0.000000  0.000000  
0.000000  0.000000  0.000000  0.000000  0.000000  0.000000  
0.000000  0.000000  0.000000  0.000000  0.000000  0.000000  

LEVEL 1

F_lambda #8: 
-0.996255  0.000000  0.000000  0.024969  0.000000  0.000000  
0.000000  -0.996255  0.000000  0.000000  0.024969  0.000000  
0.000000  0.000000  -0.996255  0.000000  0.000000  0.024969  
-0.124719  0.000000  0.000000  -0.498127  0.000000  0.000000  
0.000000  -0.124719  0.000000  0.000000  -0.498127  0.000000  
0.000000  0.000000  -0.124719  0.000000  0.000000  -0.498127  

F_state #8: 
0.000000  0.000000  0.000000  0.000000  0.000000  0.000000  
0.000000  0.000000  0.000000  0.000000  0.000000  0.000000  
0.000000  0.000000  0.000000  0.000000  0.000000  0.000000  
0.000000  0.000000  0.000000  0.000000  0.000000  0.000000  
0.000000  0.000000  0.000000  0.000000  0.000000  0.000000  
0.000000  0.000000  0.000000  0.000000  0.000000  0.000000  

F_input #8: 
0.749064  0.000000  0.000000  4.993757  0.000000  0.000000  
0.000000  0.749064  0.000000  0.000000  4.993757  0.000000  
0.000000  0.000000  0.749064  0.000000  0.000000  4.993757  

F_lambda #9: 
-0.996255  0.000000  0.000000  0.024969  0.000000  0.000000  
0.000000  -0.996255  0.000000  0.000000  0.024969  0.000000  
0.000000  0.000000  -0.996255  0.000000  0.000000  0.024969  
-0.025094  0.000000  0.000000  -0.500624  0.000000  0.000000  
0.000000  -0.025094  0.000000  0.000000  -0.500624  0.000000  
0.000000  0.000000  -0.025094  0.000000  0.000000  -0.500624  

F_state #9: 
0.003745  0.000000  0.000000  0.024969  0.000000  0.000000  
0.000000  0.003745  0.000000  0.000000  0.024969  0.000000  
0.000000  0.000000  0.003745  0.000000  0.000000  0.024969  
0.074906  0.000000  0.000000  0.499376  0.000000  0.000000  
0.000000  0.074906  0.000000  0.000000  0.499376  0.000000  
0.000000  0.000000  0.074906  0.000000  0.000000  0.499376  

F_input #9: 
0.500000  0.000000  0.000000  10.000000  0.000000  0.000000  
0.000000  0.500000  0.000000  0.000000  10.000000  0.000000  
0.000000  0.000000  0.500000  0.000000  0.000000  10.000000  

F_lambda #10: 
0.717623  0.000000  0.000000  0.099969  0.000000  0.000000  
0.000000  0.717623  0.000000  0.000000  0.099969  0.000000  
0.000000  0.000000  0.717623  0.000000  0.000000  0.099969  
0.139305  0.000000  0.000000  1.464715  0.000000  0.000000  
0.000000  0.139305  0.000000  0.000000  1.464715  0.000000  
0.000000  0.000000  0.139305  0.000000  0.000000  1.464715  

F_state #10: 
-0.501247  0.000000  0.000000  0.024938  0.000000  0.000000  
0.000000  -0.501247  0.000000  0.000000  0.024938  0.000000  
0.000000  0.000000  -0.501247  0.000000  0.000000  0.024938  
0.024938  0.000000  0.000000  -0.665420  0.000000  0.000000  
0.000000  0.024938  0.000000  0.000000  -0.665420  0.000000  
0.000000  0.000000  0.024938  0.000000  0.000000  -0.665420  

F_input #10: 
-0.000000  0.000000  0.000000  3.333333  0.000000  0.000000  
0.000000  -0.000000  0.000000  0.000000  3.333333  0.000000  
0.000000  0.000000  -0.000000  0.000000  0.000000  3.333333  

F_lambda #11: 
-0.498753  0.000000  0.000000  -0.024938  0.000000  0.000000  
0.000000  -0.498753  0.000000  0.000000  -0.024938  0.000000  
0.000000  0.000000  -0.498753  0.000000  0.000000  -0.024938  
0.024938  0.000000  0.000000  -0.332086  0.000000  0.000000  
0.000000  0.024938  0.000000  0.000000  -0.332086  0.000000  
0.000000  0.000000  0.024938  0.000000  0.000000  -0.332086  

F_state #11: 
-0.498753  0.000000  0.000000  -0.024938  0.000000  0.000000  
0.000000  -0.498753  0.000000  0.000000  -0.024938  0.000000  
0.000000  0.000000  -0.498753  0.000000  0.000000  -0.024938  
0.024938  0.000000  0.000000  -0.332086  0.000000  0.000000  
0.000000  0.024938  0.000000  0.000000  -0.332086  0.000000  
0.000000  0.000000  0.024938  0.000000  0.000000  -0.332086  

F_input #11: 
0.000000  0.000000  0.000000  0.000000  0.000000  0.000000  
0.000000  0.000000  0.000000  0.000000  0.000000  0.000000  
0.000000  0.000000  0.000000  0.000000  0.000000  0.000000  

F_lambda #12: 
0.000000  0.000000  0.000000  0.000000  0.000000  0.000000  
0.000000  0.000000  0.000000  0.000000  0.000000  0.000000  
0.000000  0.000000  0.000000  0.000000  0.000000  0.000000  
0.000000  0.000000  0.000000  0.000000  0.000000  0.000000  
0.000000  0.000000  0.000000  0.000000  0.000000  0.000000  
0.000000  0.000000  0.000000  0.000000  0.000000  0.000000  

F_state #12: 
0.496259  0.000000  0.000000  -0.024938  0.000000  0.000000  
0.000000  0.496259  0.000000  0.000000  -0.024938  0.000000  
0.000000  0.000000  0.496259  0.000000  0.000000  -0.024938  
0.058146  0.000000  0.000000  0.332086  0.000000  0.000000  
0.000000  0.058146  0.000000  0.000000  0.332086  0.000000  
0.000000  0.000000  0.058146  0.000000  0.000000  0.332086  

F_input #12: 
0.333333  0.000000  0.000000  3.333333  0.000000  0.000000  
0.000000  0.333333  0.000000  0.000000  3.333333  0.000000  
0.000000  0.000000  0.333333  0.000000  0.000000  3.333333  

F_lambda #13: 
-0.496259  0.000000  0.000000  0.024938  0.000000  0.000000  
0.000000  -0.496259  0.000000  0.000000  0.024938  0.000000  
0.000000  0.000000  -0.496259  0.000000  0.000000  0.024938  
-0.008520  0.000000  0.000000  -0.334580  0.000000  0.000000  
0.000000  -0.008520  0.000000  0.000000  -0.334580  0.000000  
0.000000  0.000000  -0.008520  0.000000  0.000000  -0.334580  

F_state #13: 
0.503741  0.000000  0.000000  0.024938  0.000000  0.000000  
0.000000  0.503741  0.000000  0.000000  0.024938  0.000000  
0.000000  0.000000  0.503741  0.000000  0.000000  0.024938  
0.091480  0.000000  0.000000  0.665420  0.000000  0.000000  
0.000000  0.091480  0.000000  0.000000  0.665420  0.000000  
0.000000  0.000000  0.091480  0.000000  0.000000  0.665420  

F_input #13: 
0.500000  0.000000  0.000000  10.000000  0.000000  0.000000  
0.000000  0.500000  0.000000  0.000000  10.000000  0.000000  
0.000000  0.000000  0.500000  0.000000  0.000000  10.000000  

F_lambda #14: 
0.779597  0.000000  0.000000  0.115548  0.000000  0.000000  
0.000000  0.779597  0.000000  0.000000  0.115548  0.000000  
0.000000  0.000000  0.779597  0.000000  0.000000  0.141480  
0.148215  0.000000  0.000000  1.471911  0.000000  0.000000  
0.000000  0.148215  0.000000  0.000000  1.471911  0.000000  
0.000000  0.000000  0.148215  0.000000  0.000000  1.625870  

F_state #14: 
-0.092382  0.000000  0.000000  0.025932  0.000000  0.000000  
0.000000  -0.092382  0.000000  0.000000  0.025932  0.000000  
0.000000  0.000000  -0.092382  0.000000  0.000000  0.000000  
0.025932  0.000000  0.000000  -0.523069  0.000000  0.000000  
0.000000  0.025932  0.000000  0.000000  -0.523069  0.000000  
0.000000  0.000000  0.025932  0.000000  0.000000  -1.000000  

F_input #14: 
-0.194490  0.000000  0.000000  4.756349  0.000000  0.000000  
0.000000  -0.194490  0.000000  0.000000  4.756349  0.000000  
0.000000  0.000000  -0.194490  0.000000  0.000000  4.756349  

F_lambda #15: 
-0.907618  0.000000  0.000000  -0.025932  0.000000  0.000000  
0.000000  -0.907618  0.000000  0.000000  -0.025932  0.000000  
0.000000  0.000000  -0.907618  0.000000  0.000000  -0.025932  
0.064830  0.000000  0.000000  -0.474338  0.000000  0.000000  
0.000000  0.064830  0.000000  0.000000  -0.474338  0.000000  
0.000000  0.000000  0.064830  0.000000  0.000000  -0.474338  

F_state #15: 
-0.090762  0.000000  0.000000  -0.002593  0.000000  0.000000  
0.000000  -0.090762  0.000000  0.000000  -0.002593  0.000000  
0.000000  0.000000  -0.090762  0.000000  0.000000  -0.002593  
0.006483  0.000000  0.000000  -0.047434  0.000000  0.000000  
0.000000  0.006483  0.000000  0.000000  -0.047434  0.000000  
0.000000  0.000000  0.006483  0.000000  0.000000  -0.047434  

F_input #15: 
0.000000  0.000000  0.000000  0.000000  0.000000  0.000000  
0.000000  0.000000  0.000000  0.000000  0.000000  0.000000  
0.000000  0.000000  0.000000  0.000000  0.000000  0.000000  

LEVEL 2

F_lambda #16: 
-0.963920  0.000000  0.000000  0.082536  0.000000  0.000000  
0.000000  -0.963920  0.000000  0.000000  0.082536  0.000000  
0.000000  0.000000  -0.963920  0.000000  0.000000  0.082536  
-0.111749  0.000000  0.000000  -0.068388  0.000000  0.000000  
0.000000  -0.111749  0.000000  0.000000  -0.068388  0.000000  
0.000000  0.000000  -0.111749  0.000000  0.000000  -0.068388  

F_state #16: 
0.000000  0.000000  0.000000  0.000000  0.000000  0.000000  
0.000000  0.000000  0.000000  0.000000  0.000000  0.000000  
0.000000  0.000000  0.000000  0.000000  0.000000  0.000000  
0.000000  0.000000  0.000000  0.000000  0.000000  0.000000  
0.000000  0.000000  0.000000  0.000000  0.000000  0.000000  
0.000000  0.000000  0.000000  0.000000  0.000000  0.000000  

F_input #16: 
0.635529  0.000000  0.000000  0.725147  0.000000  0.000000  
0.000000  0.635529  0.000000  0.000000  0.725147  0.000000  
0.000000  0.000000  0.635529  0.000000  0.000000  0.725147  

F_lambda #17: 
-0.963920  0.000000  0.000000  0.082536  0.000000  0.000000  
0.000000  -0.963920  0.000000  0.000000  0.082536  0.000000  
0.000000  0.000000  -0.963920  0.000000  0.000000  0.082536  
-0.015357  0.000000  0.000000  -0.076641  0.000000  0.000000  
0.000000  -0.015357  0.000000  0.000000  -0.076641  0.000000  
0.000000  0.000000  -0.015357  0.000000  0.000000  -0.076641  

F_state #17: 
0.003178  0.000000  0.000000  0.003626  0.000000  0.000000  
0.000000  0.003178  0.000000  0.000000  0.003626  0.000000  
0.000000  0.000000  0.003178  0.000000  0.000000  0.003626  
0.063553  0.000000  0.000000  0.072515  0.000000  0.000000  
0.000000  0.063553  0.000000  0.000000  0.072515  0.000000  
0.000000  0.000000  0.063553  0.000000  0.000000  0.072515  

F_input #17: 
0.305550  0.000000  0.000000  1.531016  0.000000  0.000000  
0.000000  0.305550  0.000000  0.000000  1.531016  0.000000  
0.000000  0.000000  0.305550  0.000000  0.000000  1.531016  

F_lambda #18: 
-0.967098  0.000000  0.000000  0.078910  0.000000  0.000000  
0.000000  -0.967098  0.000000  0.000000  0.078910  0.000000  
0.000000  0.000000  -0.967098  0.000000  0.000000  0.078910  
0.017800  0.000000  0.000000  -0.157047  0.000000  0.000000  
0.000000  0.017800  0.000000  0.000000  -0.157047  0.000000  
0.000000  0.000000  0.017800  0.000000  0.000000  -0.157047  

F_state #18: 
0.011061  0.000000  0.000000  0.018532  0.000000  0.000000  
0.000000  0.011061  0.000000  0.000000  0.018532  0.000000  
0.000000  0.000000  0.011061  0.000000  0.000000  0.018532  
0.094108  0.000000  0.000000  0.225616  0.000000  0.000000  
0.000000  0.094108  0.000000  0.000000  0.225616  0.000000  
0.000000  0.000000  0.094108  0.000000  0.000000  0.225616  

F_input #18: 
0.274000  0.000000  0.000000  3.856824  0.000000  0.000000  
0.000000  0.274000  0.000000  0.000000  3.856824  0.000000  
0.000000  0.000000  0.274000  0.000000  0.000000  3.856824  

F_lambda #19: 
-0.978159  0.000000  0.000000  0.060378  0.000000  0.000000  
0.000000  -0.978159  0.000000  0.000000  0.060378  0.000000  
0.000000  0.000000  -0.978159  0.000000  0.000000  0.060378  
0.021508  0.000000  0.000000  -0.388701  0.000000  0.000000  
0.000000  0.021508  0.000000  0.000000  -0.388701  0.000000  
0.000000  0.000000  0.021508  0.000000  0.000000  -0.388701  

F_state #19: 
0.021841  0.000000  0.000000  0.060378  0.000000  0.000000  
0.000000  0.021841  0.000000  0.000000  0.060378  0.000000  
0.000000  0.000000  0.021841  0.000000  0.000000  0.024938  
0.121508  0.000000  0.000000  0.611299  0.000000  0.000000  
0.000000  0.121508  0.000000  0.000000  0.611299  0.000000  
0.000000  0.000000  0.121508  0.000000  0.000000  0.665420  

F_input #19: 
0.500000  0.000000  0.000000  10.000000  0.000000  0.000000  
0.000000  0.500000  0.000000  0.000000  10.000000  0.000000  
0.000000  0.000000  0.500000  0.000000  0.000000  10.000000  

F_lambda #20: 
0.354914  0.000000  0.000000  0.116768  0.000000  0.000000  
0.000000  0.354914  0.000000  0.000000  0.116768  0.000000  
0.000000  0.000000  0.356579  0.000000  0.000000  0.116542  
0.329003  0.000000  0.000000  1.454422  0.000000  0.000000  
0.000000  0.329003  0.000000  0.000000  1.454422  0.000000  
0.000000  0.000000  0.318523  0.000000  0.000000  1.493112  

F_state #20: 
-0.089472  0.000000  0.000000  0.054740  0.000000  0.000000  
0.000000  -0.089472  0.000000  0.000000  0.054740  0.000000  
0.000000  0.000000  -0.090657  0.000000  0.000000  0.024938  
0.054740  0.000000  0.000000  -0.612287  0.000000  0.000000  
0.000000  0.054740  0.000000  0.000000  -0.612287  0.000000  
0.000000  0.000000  0.057929  0.000000  0.000000  -0.665420  

F_input #20: 
0.092136  0.000000  0.000000  3.849762  0.000000  0.000000  
0.000000  0.092136  0.000000  0.000000  3.849762  0.000000  
0.000000  0.000000  0.124618  0.000000  0.000000  3.762342  

F_lambda #21: 
-0.910528  0.000000  0.000000  -0.054740  0.000000  0.000000  
0.000000  -0.910528  0.000000  0.000000  -0.054740  0.000000  
0.000000  0.000000  -0.909343  0.000000  0.000000  -0.057929  
0.036313  0.000000  0.000000  -0.382239  0.000000  0.000000  
0.000000  0.036313  0.000000  0.000000  -0.382239  0.000000  
0.000000  0.000000  0.033005  0.000000  0.000000  -0.373338  

F_state #21: 
-0.083537  0.000000  0.000000  0.012760  0.000000  0.000000  
0.000000  -0.083537  0.000000  0.000000  0.012760  0.000000  
0.000000  0.000000  -0.084241  0.000000  0.000000  0.014654  
0.063954  0.000000  0.000000  -0.227311  0.000000  0.000000  
0.000000  0.063954  0.000000  0.000000  -0.227311  0.000000  
0.000000  0.000000  0.070391  0.000000  0.000000  -0.244635  

F_input #21: 
-0.137088  0.000000  0.000000  1.515535  0.000000  0.000000  
0.000000  -0.137088  0.000000  0.000000  1.515535  0.000000  
0.000000  0.000000  -0.038696  0.000000  0.000000  1.250733  

F_lambda #22: 
-0.826991  0.000000  0.000000  -0.067500  0.000000  0.000000  
0.000000  -0.826991  0.000000  0.000000  -0.067500  0.000000  
0.000000  0.000000  -0.825103  0.000000  0.000000  -0.072583  
0.055058  0.000000  0.000000  -0.148179  0.000000  0.000000  
0.000000  0.055058  0.000000  0.000000  -0.148179  0.000000  
0.000000  0.000000  0.045125  0.000000  0.000000  -0.121444  

F_state #22: 
-0.077827  0.000000  0.000000  -0.002393  0.000000  0.000000  
0.000000  -0.077827  0.000000  0.000000  -0.002393  0.000000  
0.000000  0.000000  -0.076225  0.000000  0.000000  -0.006705  
0.050245  0.000000  0.000000  -0.075757  0.000000  0.000000  
0.000000  0.050245  0.000000  0.000000  -0.075757  0.000000  
0.000000  0.000000  0.066521  0.000000  0.000000  -0.119562  

F_input #22: 
-0.422718  0.000000  0.000000  0.691661  0.000000  0.000000  
0.000000  -0.422718  0.000000  0.000000  0.691661  0.000000  
0.000000  0.000000  -0.375103  0.000000  0.000000  0.563514  

F_lambda #23: 
-0.749164  0.000000  0.000000  -0.065107  0.000000  0.000000  
0.000000  -0.749164  0.000000  0.000000  -0.065107  0.000000  
0.000000  0.000000  -0.747707  0.000000  0.000000  -0.069027  
0.079730  0.000000  0.000000  -0.065911  0.000000  0.000000  
0.000000  0.079730  0.000000  0.000000  -0.065911  0.000000  
0.000000  0.000000  0.074896  0.000000  0.000000  -0.052900  

F_state #23: 
-0.074916  0.000000  0.000000  -0.006511  0.000000  0.000000  
0.000000  -0.074916  0.000000  0.000000  -0.006511  0.000000  
0.000000  0.000000  -0.074771  0.000000  0.000000  -0.006903  
0.007973  0.000000  0.000000  -0.006591  0.000000  0.000000  
0.000000  0.007973  0.000000  0.000000  -0.006591  0.000000  
0.000000  0.000000  0.007490  0.000000  0.000000  -0.005290  

F_input #23: 
0.000000  0.000000  0.000000  0.000000  0.000000  0.000000  
0.000000  0.000000  0.000000  0.000000  0.000000  0.000000  
0.000000  0.000000  0.000000  0.000000  0.000000  0.000000  

d0: 
-2.552743  -2.093771  15.159172  12.745253  9.942867  -9.565415  

q0: 
1.000000  -1.000000  2.000000  -2.000000  3.000000  -3.000000  

r0: 
-44.228886  -57.375565  -7.566265  

d1: 
-1.552743  0.106228  13.559172  14.500526  5.732244  -9.921332  

q1: 
2.078855  0.513122  3.162169  -4.922890  -1.237556  -2.256625  

r1: 
13.950027  -44.701458  -77.754425  

d2: 
0.368402  1.993106  11.197002  18.586576  4.370491  -12.784408  

q2: 
4.656317  3.165859  5.547735  -0.527886  -2.707702  -7.032068  

r2: 
121.711395  -33.568306  -179.051971  

d3: 
1.712085  2.427247  6.849268  17.743256  3.235468  -12.437267  

q3: 
9.712085  7.227247  8.449268  16.143255  -1.564532  -20.437267  

r3: 
400.000000  0.000000  -400.000000  

d4: 
20.906445  22.643471  27.052036  103.739502  17.384247  -67.663116  

q4: 
-1.580035  -9.572678  -16.646494  -41.596245  -12.948780  13.225849  

r4: 
109.827606  -61.701462  -258.418274  

d5: 
11.580035  15.572678  18.646494  38.438240  5.391512  -25.090500  

q5: 
2.309478  -3.676061  -9.115998  -23.113478  -11.618925  -5.115980  

r5: 
19.118103  -84.880013  -265.173553  

d6: 
21.270557  26.448738  30.162493  57.024662  7.165565  -34.990768  

q6: 
9.093723  3.737648  -2.860840  -12.201666  -11.106927  -22.633339  

r6: 
48.825134  -83.169365  -252.085724  

d7: 
26.176834  31.111092  34.915955  63.808647  6.761382  -46.537224  

q7: 
18.617683  12.711108  6.691595  3.180865  -8.923861  -20.653723  

r7: 
-0.000000  -0.000000  -0.000000  
done with cuda!

Solve Time:  156.5 ms 
CHECK FINAL RESULTS on host
118.504715  
172.846069  
259.107758  
29.888535  
30.091047  
15.504947  
1.000000  
-1.000000  
2.000000  
-2.000000  
3.000000  
-3.000000  
-155.132980  
-171.387451  
-136.295593  
119.504715  
175.046066  
257.507751  
19.538063  
8.386442  
-9.245825  
1.524335  
-0.056937  
2.518523  
-16.013302  
-12.638747  
-15.129562  
-86.523453  
-97.500381  
-90.942749  
121.980377  
177.502991  
255.789215  
22.553326  
0.874889  
-23.695187  
2.490381  
1.191676  
3.550838  
-21.665649  
-19.388786  
-21.223837  
-67.444748  
-76.681068  
-88.567299  
125.489998  
179.911316  
253.438385  
30.469975  
-1.327458  
-33.815189  
4.486611  
3.369420  
4.025873  
-23.910116  
-22.556892  
-23.351332  
-63.299225  
-73.623390  
-112.877472  
129.003387  
181.341904  
249.552719  
39.879753  
-1.704756  
-41.189888  
7.779103  
6.745615  
7.004303  
-24.240044  
-23.919235  
-28.639057  
-55.585770  
-71.846634  
-134.546661  
131.224289  
180.596283  
243.189514  
48.997368  
-1.845151  
-48.704811  
12.577181  
11.494475  
12.510102  
-22.298615  
-23.603899  
-32.758705  
-23.636238  
-57.436569  
-203.999252  
130.647110  
176.301819  
233.079407  
55.831268  
-3.071433  
-51.254044  
19.229147  
17.846912  
15.885130  
-15.662235  
-20.347557  
-44.158638  
75.773926  
-5.333771  
-135.266693  
125.417953  
166.854889  
218.665161  
56.151711  
-7.809368  
-67.406586  
28.541796  
26.285488  
25.066515  
2.415171  
-10.380936  
-22.740660  
-0.000000  
-0.000000  
-0.000000  
