Run Test
Allocated memory
all good
CHECKING DATA AFTER SOLVE LEAF
LEVEL 0

F_lambda #0: 
-1.000000  -0.000000  -0.000000  -0.000000  -0.000000  -0.000000  
-0.000000  -1.000000  -0.000000  -0.000000  -0.000000  -0.000000  
-0.000000  -0.000000  -1.000000  -0.000000  -0.000000  -0.000000  
-0.100000  -0.000000  -0.000000  -1.000000  -0.000000  -0.000000  
-0.000000  -0.100000  -0.000000  -0.000000  -1.000000  -0.000000  
-0.000000  -0.000000  -0.100000  -0.000000  -0.000000  -1.000000  

F_state #0: 
0.000000  0.000000  0.000000  0.000000  0.000000  0.000000  
0.000000  0.000000  0.000000  0.000000  0.000000  0.000000  
0.000000  0.000000  0.000000  0.000000  0.000000  0.000000  
0.000000  0.000000  0.000000  0.000000  0.000000  0.000000  
0.000000  0.000000  0.000000  0.000000  0.000000  0.000000  
0.000000  0.000000  0.000000  0.000000  0.000000  0.000000  

F_input #0: 
0.500000  0.000000  0.000000  10.000000  0.000000  0.000000  
0.000000  0.500000  0.000000  0.000000  10.000000  0.000000  
0.000000  0.000000  0.500000  0.000000  0.000000  10.000000  

F_lambda #1: 
0.000000  0.000000  0.000000  0.000000  0.000000  0.000000  
0.000000  0.000000  0.000000  0.000000  0.000000  0.000000  
0.000000  0.000000  0.000000  0.000000  0.000000  0.000000  
0.000000  0.000000  0.000000  0.000000  0.000000  0.000000  
0.000000  0.000000  0.000000  0.000000  0.000000  0.000000  
0.000000  0.000000  0.000000  0.000000  0.000000  0.000000  

F_state #1: 
-1.000000  0.000000  0.000000  0.000000  0.000000  0.000000  
0.000000  -1.000000  0.000000  0.000000  0.000000  0.000000  
0.000000  0.000000  -1.000000  0.000000  0.000000  0.000000  
0.000000  0.000000  0.000000  -1.000000  0.000000  0.000000  
0.000000  0.000000  0.000000  0.000000  -1.000000  0.000000  
0.000000  0.000000  0.000000  0.000000  0.000000  -1.000000  

F_input #1: 
0.000000  0.000000  0.000000  0.000000  0.000000  0.000000  
0.000000  0.000000  0.000000  0.000000  0.000000  0.000000  
0.000000  0.000000  0.000000  0.000000  0.000000  0.000000  

F_lambda #2: 
0.000000  0.000000  0.000000  0.000000  0.000000  0.000000  
0.000000  0.000000  0.000000  0.000000  0.000000  0.000000  
0.000000  0.000000  0.000000  0.000000  0.000000  0.000000  
0.000000  0.000000  0.000000  0.000000  0.000000  0.000000  
0.000000  0.000000  0.000000  0.000000  0.000000  0.000000  
0.000000  0.000000  0.000000  0.000000  0.000000  0.000000  

F_state #2: 
1.000000  0.000000  0.000000  0.000000  0.000000  0.000000  
0.000000  1.000000  0.000000  0.000000  0.000000  0.000000  
0.000000  0.000000  1.000000  0.000000  0.000000  0.000000  
0.100000  0.000000  0.000000  1.000000  0.000000  0.000000  
0.000000  0.100000  0.000000  0.000000  1.000000  0.000000  
0.000000  0.000000  0.100000  0.000000  0.000000  1.000000  

F_input #2: 
0.500000  0.000000  0.000000  10.000000  0.000000  0.000000  
0.000000  0.500000  0.000000  0.000000  10.000000  0.000000  
0.000000  0.000000  0.500000  0.000000  0.000000  10.000000  

F_lambda #3: 
0.000000  0.000000  0.000000  0.000000  0.000000  0.000000  
0.000000  0.000000  0.000000  0.000000  0.000000  0.000000  
0.000000  0.000000  0.000000  0.000000  0.000000  0.000000  
0.000000  0.000000  0.000000  0.000000  0.000000  0.000000  
0.000000  0.000000  0.000000  0.000000  0.000000  0.000000  
0.000000  0.000000  0.000000  0.000000  0.000000  0.000000  

F_state #3: 
-1.000000  0.000000  0.000000  0.000000  0.000000  0.000000  
0.000000  -1.000000  0.000000  0.000000  0.000000  0.000000  
0.000000  0.000000  -1.000000  0.000000  0.000000  0.000000  
0.000000  0.000000  0.000000  -1.000000  0.000000  0.000000  
0.000000  0.000000  0.000000  0.000000  -1.000000  0.000000  
0.000000  0.000000  0.000000  0.000000  0.000000  -1.000000  

F_input #3: 
0.000000  0.000000  0.000000  0.000000  0.000000  0.000000  
0.000000  0.000000  0.000000  0.000000  0.000000  0.000000  
0.000000  0.000000  0.000000  0.000000  0.000000  0.000000  

F_lambda #4: 
0.000000  0.000000  0.000000  0.000000  0.000000  0.000000  
0.000000  0.000000  0.000000  0.000000  0.000000  0.000000  
0.000000  0.000000  0.000000  0.000000  0.000000  0.000000  
0.000000  0.000000  0.000000  0.000000  0.000000  0.000000  
0.000000  0.000000  0.000000  0.000000  0.000000  0.000000  
0.000000  0.000000  0.000000  0.000000  0.000000  0.000000  

F_state #4: 
1.000000  0.000000  0.000000  0.000000  0.000000  0.000000  
0.000000  1.000000  0.000000  0.000000  0.000000  0.000000  
0.000000  0.000000  1.000000  0.000000  0.000000  0.000000  
0.100000  0.000000  0.000000  1.000000  0.000000  0.000000  
0.000000  0.100000  0.000000  0.000000  1.000000  0.000000  
0.000000  0.000000  0.100000  0.000000  0.000000  1.000000  

F_input #4: 
0.500000  0.000000  0.000000  10.000000  0.000000  0.000000  
0.000000  0.500000  0.000000  0.000000  10.000000  0.000000  
0.000000  0.000000  0.500000  0.000000  0.000000  10.000000  

F_lambda #5: 
0.000000  0.000000  0.000000  0.000000  0.000000  0.000000  
0.000000  0.000000  0.000000  0.000000  0.000000  0.000000  
0.000000  0.000000  0.000000  0.000000  0.000000  0.000000  
0.000000  0.000000  0.000000  0.000000  0.000000  0.000000  
0.000000  0.000000  0.000000  0.000000  0.000000  0.000000  
0.000000  0.000000  0.000000  0.000000  0.000000  0.000000  

F_state #5: 
-1.000000  0.000000  0.000000  0.000000  0.000000  0.000000  
0.000000  -1.000000  0.000000  0.000000  0.000000  0.000000  
0.000000  0.000000  -1.000000  0.000000  0.000000  0.000000  
0.000000  0.000000  0.000000  -1.000000  0.000000  0.000000  
0.000000  0.000000  0.000000  0.000000  -1.000000  0.000000  
0.000000  0.000000  0.000000  0.000000  0.000000  -1.000000  

F_input #5: 
0.000000  0.000000  0.000000  0.000000  0.000000  0.000000  
0.000000  0.000000  0.000000  0.000000  0.000000  0.000000  
0.000000  0.000000  0.000000  0.000000  0.000000  0.000000  

F_lambda #6: 
0.000000  0.000000  0.000000  0.000000  0.000000  0.000000  
0.000000  0.000000  0.000000  0.000000  0.000000  0.000000  
0.000000  0.000000  0.000000  0.000000  0.000000  0.000000  
0.000000  0.000000  0.000000  0.000000  0.000000  0.000000  
0.000000  0.000000  0.000000  0.000000  0.000000  0.000000  
0.000000  0.000000  0.000000  0.000000  0.000000  0.000000  

F_state #6: 
1.000000  0.000000  0.000000  0.000000  0.000000  0.000000  
0.000000  1.000000  0.000000  0.000000  0.000000  0.000000  
0.000000  0.000000  1.000000  0.000000  0.000000  0.000000  
0.100000  0.000000  0.000000  1.000000  0.000000  0.000000  
0.000000  0.100000  0.000000  0.000000  1.000000  0.000000  
0.000000  0.000000  0.100000  0.000000  0.000000  1.000000  

F_input #6: 
0.500000  0.000000  0.000000  10.000000  0.000000  0.000000  
0.000000  0.500000  0.000000  0.000000  10.000000  0.000000  
0.000000  0.000000  0.500000  0.000000  0.000000  10.000000  

F_lambda #7: 
0.000000  0.000000  0.000000  0.000000  0.000000  0.000000  
0.000000  0.000000  0.000000  0.000000  0.000000  0.000000  
0.000000  0.000000  0.000000  0.000000  0.000000  0.000000  
0.000000  0.000000  0.000000  0.000000  0.000000  0.000000  
0.000000  0.000000  0.000000  0.000000  0.000000  0.000000  
0.000000  0.000000  0.000000  0.000000  0.000000  0.000000  

F_state #7: 
-0.100000  0.000000  0.000000  0.000000  0.000000  0.000000  
0.000000  -0.100000  0.000000  0.000000  0.000000  0.000000  
0.000000  0.000000  -0.100000  0.000000  0.000000  0.000000  
0.000000  0.000000  0.000000  -0.100000  0.000000  0.000000  
0.000000  0.000000  0.000000  0.000000  -0.100000  0.000000  
0.000000  0.000000  0.000000  0.000000  0.000000  -0.100000  

F_input #7: 
0.000000  0.000000  0.000000  0.000000  0.000000  0.000000  
0.000000  0.000000  0.000000  0.000000  0.000000  0.000000  
0.000000  0.000000  0.000000  0.000000  0.000000  0.000000  

LEVEL 1

F_lambda #8: 
0.000000  0.000000  0.000000  0.000000  0.000000  0.000000  
0.000000  0.000000  0.000000  0.000000  0.000000  0.000000  
0.000000  0.000000  0.000000  0.000000  0.000000  0.000000  
0.000000  0.000000  0.000000  0.000000  0.000000  0.000000  
0.000000  0.000000  0.000000  0.000000  0.000000  0.000000  
0.000000  0.000000  0.000000  0.000000  0.000000  0.000000  

F_state #8: 
0.000000  0.000000  0.000000  0.000000  0.000000  0.000000  
0.000000  0.000000  0.000000  0.000000  0.000000  0.000000  
0.000000  0.000000  0.000000  0.000000  0.000000  0.000000  
0.000000  0.000000  0.000000  0.000000  0.000000  0.000000  
0.000000  0.000000  0.000000  0.000000  0.000000  0.000000  
0.000000  0.000000  0.000000  0.000000  0.000000  0.000000  

F_input #8: 
0.000000  0.000000  0.000000  0.000000  0.000000  0.000000  
0.000000  0.000000  0.000000  0.000000  0.000000  0.000000  
0.000000  0.000000  0.000000  0.000000  0.000000  0.000000  

F_lambda #9: 
0.000000  0.000000  0.000000  0.000000  0.000000  0.000000  
0.000000  0.000000  0.000000  0.000000  0.000000  0.000000  
0.000000  0.000000  0.000000  0.000000  0.000000  0.000000  
0.000000  0.000000  0.000000  0.000000  0.000000  0.000000  
0.000000  0.000000  0.000000  0.000000  0.000000  0.000000  
0.000000  0.000000  0.000000  0.000000  0.000000  0.000000  

F_state #9: 
1.000000  0.000000  0.000000  0.000000  0.000000  0.000000  
0.000000  1.000000  0.000000  0.000000  0.000000  0.000000  
0.000000  0.000000  1.000000  0.000000  0.000000  0.000000  
0.100000  0.000000  0.000000  1.000000  0.000000  0.000000  
0.000000  0.100000  0.000000  0.000000  1.000000  0.000000  
0.000000  0.000000  0.100000  0.000000  0.000000  1.000000  

F_input #9: 
0.500000  0.000000  0.000000  10.000000  0.000000  0.000000  
0.000000  0.500000  0.000000  0.000000  10.000000  0.000000  
0.000000  0.000000  0.500000  0.000000  0.000000  10.000000  

F_lambda #10: 
0.000000  0.000000  0.000000  0.000000  0.000000  0.000000  
0.000000  0.000000  0.000000  0.000000  0.000000  0.000000  
0.000000  0.000000  0.000000  0.000000  0.000000  0.000000  
0.000000  0.000000  0.000000  0.000000  0.000000  0.000000  
0.000000  0.000000  0.000000  0.000000  0.000000  0.000000  
0.000000  0.000000  0.000000  0.000000  0.000000  0.000000  

F_state #10: 
-1.000000  0.000000  0.000000  0.000000  0.000000  0.000000  
0.000000  -1.000000  0.000000  0.000000  0.000000  0.000000  
0.000000  0.000000  -1.000000  0.000000  0.000000  0.000000  
0.000000  0.000000  0.000000  -1.000000  0.000000  0.000000  
0.000000  0.000000  0.000000  0.000000  -1.000000  0.000000  
0.000000  0.000000  0.000000  0.000000  0.000000  -1.000000  

F_input #10: 
0.000000  0.000000  0.000000  0.000000  0.000000  0.000000  
0.000000  0.000000  0.000000  0.000000  0.000000  0.000000  
0.000000  0.000000  0.000000  0.000000  0.000000  0.000000  

F_lambda #11: 
0.000000  0.000000  0.000000  0.000000  0.000000  0.000000  
0.000000  0.000000  0.000000  0.000000  0.000000  0.000000  
0.000000  0.000000  0.000000  0.000000  0.000000  0.000000  
0.000000  0.000000  0.000000  0.000000  0.000000  0.000000  
0.000000  0.000000  0.000000  0.000000  0.000000  0.000000  
0.000000  0.000000  0.000000  0.000000  0.000000  0.000000  

F_state #11: 
0.000000  0.000000  0.000000  0.000000  0.000000  0.000000  
0.000000  0.000000  0.000000  0.000000  0.000000  0.000000  
0.000000  0.000000  0.000000  0.000000  0.000000  0.000000  
0.000000  0.000000  0.000000  0.000000  0.000000  0.000000  
0.000000  0.000000  0.000000  0.000000  0.000000  0.000000  
0.000000  0.000000  0.000000  0.000000  0.000000  0.000000  

F_input #11: 
0.000000  0.000000  0.000000  0.000000  0.000000  0.000000  
0.000000  0.000000  0.000000  0.000000  0.000000  0.000000  
0.000000  0.000000  0.000000  0.000000  0.000000  0.000000  

F_lambda #12: 
0.000000  0.000000  0.000000  0.000000  0.000000  0.000000  
0.000000  0.000000  0.000000  0.000000  0.000000  0.000000  
0.000000  0.000000  0.000000  0.000000  0.000000  0.000000  
0.000000  0.000000  0.000000  0.000000  0.000000  0.000000  
0.000000  0.000000  0.000000  0.000000  0.000000  0.000000  
0.000000  0.000000  0.000000  0.000000  0.000000  0.000000  

F_state #12: 
0.000000  0.000000  0.000000  0.000000  0.000000  0.000000  
0.000000  0.000000  0.000000  0.000000  0.000000  0.000000  
0.000000  0.000000  0.000000  0.000000  0.000000  0.000000  
0.000000  0.000000  0.000000  0.000000  0.000000  0.000000  
0.000000  0.000000  0.000000  0.000000  0.000000  0.000000  
0.000000  0.000000  0.000000  0.000000  0.000000  0.000000  

F_input #12: 
0.000000  0.000000  0.000000  0.000000  0.000000  0.000000  
0.000000  0.000000  0.000000  0.000000  0.000000  0.000000  
0.000000  0.000000  0.000000  0.000000  0.000000  0.000000  

F_lambda #13: 
0.000000  0.000000  0.000000  0.000000  0.000000  0.000000  
0.000000  0.000000  0.000000  0.000000  0.000000  0.000000  
0.000000  0.000000  0.000000  0.000000  0.000000  0.000000  
0.000000  0.000000  0.000000  0.000000  0.000000  0.000000  
0.000000  0.000000  0.000000  0.000000  0.000000  0.000000  
0.000000  0.000000  0.000000  0.000000  0.000000  0.000000  

F_state #13: 
1.000000  0.000000  0.000000  0.000000  0.000000  0.000000  
0.000000  1.000000  0.000000  0.000000  0.000000  0.000000  
0.000000  0.000000  1.000000  0.000000  0.000000  0.000000  
0.100000  0.000000  0.000000  1.000000  0.000000  0.000000  
0.000000  0.100000  0.000000  0.000000  1.000000  0.000000  
0.000000  0.000000  0.100000  0.000000  0.000000  1.000000  

F_input #13: 
0.500000  0.000000  0.000000  10.000000  0.000000  0.000000  
0.000000  0.500000  0.000000  0.000000  10.000000  0.000000  
0.000000  0.000000  0.500000  0.000000  0.000000  10.000000  

F_lambda #14: 
0.000000  0.000000  0.000000  0.000000  0.000000  0.000000  
0.000000  0.000000  0.000000  0.000000  0.000000  0.000000  
0.000000  0.000000  0.000000  0.000000  0.000000  0.000000  
0.000000  0.000000  0.000000  0.000000  0.000000  0.000000  
0.000000  0.000000  0.000000  0.000000  0.000000  0.000000  
0.000000  0.000000  0.000000  0.000000  0.000000  0.000000  

F_state #14: 
-1.000000  0.000000  0.000000  0.000000  0.000000  0.000000  
0.000000  -1.000000  0.000000  0.000000  0.000000  0.000000  
0.000000  0.000000  -1.000000  0.000000  0.000000  0.000000  
0.000000  0.000000  0.000000  -1.000000  0.000000  0.000000  
0.000000  0.000000  0.000000  0.000000  -1.000000  0.000000  
0.000000  0.000000  0.000000  0.000000  0.000000  -1.000000  

F_input #14: 
0.000000  0.000000  0.000000  0.000000  0.000000  0.000000  
0.000000  0.000000  0.000000  0.000000  0.000000  0.000000  
0.000000  0.000000  0.000000  0.000000  0.000000  0.000000  

F_lambda #15: 
0.000000  0.000000  0.000000  0.000000  0.000000  0.000000  
0.000000  0.000000  0.000000  0.000000  0.000000  0.000000  
0.000000  0.000000  0.000000  0.000000  0.000000  0.000000  
0.000000  0.000000  0.000000  0.000000  0.000000  0.000000  
0.000000  0.000000  0.000000  0.000000  0.000000  0.000000  
0.000000  0.000000  0.000000  0.000000  0.000000  0.000000  

F_state #15: 
0.000000  0.000000  0.000000  0.000000  0.000000  0.000000  
0.000000  0.000000  0.000000  0.000000  0.000000  0.000000  
0.000000  0.000000  0.000000  0.000000  0.000000  0.000000  
0.000000  0.000000  0.000000  0.000000  0.000000  0.000000  
0.000000  0.000000  0.000000  0.000000  0.000000  0.000000  
0.000000  0.000000  0.000000  0.000000  0.000000  0.000000  

F_input #15: 
0.000000  0.000000  0.000000  0.000000  0.000000  0.000000  
0.000000  0.000000  0.000000  0.000000  0.000000  0.000000  
0.000000  0.000000  0.000000  0.000000  0.000000  0.000000  

LEVEL 2

F_lambda #16: 
0.000000  0.000000  0.000000  0.000000  0.000000  0.000000  
0.000000  0.000000  0.000000  0.000000  0.000000  0.000000  
0.000000  0.000000  0.000000  0.000000  0.000000  0.000000  
0.000000  0.000000  0.000000  0.000000  0.000000  0.000000  
0.000000  0.000000  0.000000  0.000000  0.000000  0.000000  
0.000000  0.000000  0.000000  0.000000  0.000000  0.000000  

F_state #16: 
0.000000  0.000000  0.000000  0.000000  0.000000  0.000000  
0.000000  0.000000  0.000000  0.000000  0.000000  0.000000  
0.000000  0.000000  0.000000  0.000000  0.000000  0.000000  
0.000000  0.000000  0.000000  0.000000  0.000000  0.000000  
0.000000  0.000000  0.000000  0.000000  0.000000  0.000000  
0.000000  0.000000  0.000000  0.000000  0.000000  0.000000  

F_input #16: 
0.000000  0.000000  0.000000  0.000000  0.000000  0.000000  
0.000000  0.000000  0.000000  0.000000  0.000000  0.000000  
0.000000  0.000000  0.000000  0.000000  0.000000  0.000000  

F_lambda #17: 
0.000000  0.000000  0.000000  0.000000  0.000000  0.000000  
0.000000  0.000000  0.000000  0.000000  0.000000  0.000000  
0.000000  0.000000  0.000000  0.000000  0.000000  0.000000  
0.000000  0.000000  0.000000  0.000000  0.000000  0.000000  
0.000000  0.000000  0.000000  0.000000  0.000000  0.000000  
0.000000  0.000000  0.000000  0.000000  0.000000  0.000000  

F_state #17: 
0.000000  0.000000  0.000000  0.000000  0.000000  0.000000  
0.000000  0.000000  0.000000  0.000000  0.000000  0.000000  
0.000000  0.000000  0.000000  0.000000  0.000000  0.000000  
0.000000  0.000000  0.000000  0.000000  0.000000  0.000000  
0.000000  0.000000  0.000000  0.000000  0.000000  0.000000  
0.000000  0.000000  0.000000  0.000000  0.000000  0.000000  

F_input #17: 
0.000000  0.000000  0.000000  0.000000  0.000000  0.000000  
0.000000  0.000000  0.000000  0.000000  0.000000  0.000000  
0.000000  0.000000  0.000000  0.000000  0.000000  0.000000  

F_lambda #18: 
0.000000  0.000000  0.000000  0.000000  0.000000  0.000000  
0.000000  0.000000  0.000000  0.000000  0.000000  0.000000  
0.000000  0.000000  0.000000  0.000000  0.000000  0.000000  
0.000000  0.000000  0.000000  0.000000  0.000000  0.000000  
0.000000  0.000000  0.000000  0.000000  0.000000  0.000000  
0.000000  0.000000  0.000000  0.000000  0.000000  0.000000  

F_state #18: 
0.000000  0.000000  0.000000  0.000000  0.000000  0.000000  
0.000000  0.000000  0.000000  0.000000  0.000000  0.000000  
0.000000  0.000000  0.000000  0.000000  0.000000  0.000000  
0.000000  0.000000  0.000000  0.000000  0.000000  0.000000  
0.000000  0.000000  0.000000  0.000000  0.000000  0.000000  
0.000000  0.000000  0.000000  0.000000  0.000000  0.000000  

F_input #18: 
0.000000  0.000000  0.000000  0.000000  0.000000  0.000000  
0.000000  0.000000  0.000000  0.000000  0.000000  0.000000  
0.000000  0.000000  0.000000  0.000000  0.000000  0.000000  

F_lambda #19: 
0.000000  0.000000  0.000000  0.000000  0.000000  0.000000  
0.000000  0.000000  0.000000  0.000000  0.000000  0.000000  
0.000000  0.000000  0.000000  0.000000  0.000000  0.000000  
0.000000  0.000000  0.000000  0.000000  0.000000  0.000000  
0.000000  0.000000  0.000000  0.000000  0.000000  0.000000  
0.000000  0.000000  0.000000  0.000000  0.000000  0.000000  

F_state #19: 
1.000000  0.000000  0.000000  0.000000  0.000000  0.000000  
0.000000  1.000000  0.000000  0.000000  0.000000  0.000000  
0.000000  0.000000  1.000000  0.000000  0.000000  0.000000  
0.100000  0.000000  0.000000  1.000000  0.000000  0.000000  
0.000000  0.100000  0.000000  0.000000  1.000000  0.000000  
0.000000  0.000000  0.100000  0.000000  0.000000  1.000000  

F_input #19: 
0.500000  0.000000  0.000000  10.000000  0.000000  0.000000  
0.000000  0.500000  0.000000  0.000000  10.000000  0.000000  
0.000000  0.000000  0.500000  0.000000  0.000000  10.000000  

F_lambda #20: 
0.000000  0.000000  0.000000  0.000000  0.000000  0.000000  
0.000000  0.000000  0.000000  0.000000  0.000000  0.000000  
0.000000  0.000000  0.000000  0.000000  0.000000  0.000000  
0.000000  0.000000  0.000000  0.000000  0.000000  0.000000  
0.000000  0.000000  0.000000  0.000000  0.000000  0.000000  
0.000000  0.000000  0.000000  0.000000  0.000000  0.000000  

F_state #20: 
-1.000000  0.000000  0.000000  0.000000  0.000000  0.000000  
0.000000  -1.000000  0.000000  0.000000  0.000000  0.000000  
0.000000  0.000000  -1.000000  0.000000  0.000000  0.000000  
0.000000  0.000000  0.000000  -1.000000  0.000000  0.000000  
0.000000  0.000000  0.000000  0.000000  -1.000000  0.000000  
0.000000  0.000000  0.000000  0.000000  0.000000  -1.000000  

F_input #20: 
0.000000  0.000000  0.000000  0.000000  0.000000  0.000000  
0.000000  0.000000  0.000000  0.000000  0.000000  0.000000  
0.000000  0.000000  0.000000  0.000000  0.000000  0.000000  

F_lambda #21: 
0.000000  0.000000  0.000000  0.000000  0.000000  0.000000  
0.000000  0.000000  0.000000  0.000000  0.000000  0.000000  
0.000000  0.000000  0.000000  0.000000  0.000000  0.000000  
0.000000  0.000000  0.000000  0.000000  0.000000  0.000000  
0.000000  0.000000  0.000000  0.000000  0.000000  0.000000  
0.000000  0.000000  0.000000  0.000000  0.000000  0.000000  

F_state #21: 
0.000000  0.000000  0.000000  0.000000  0.000000  0.000000  
0.000000  0.000000  0.000000  0.000000  0.000000  0.000000  
0.000000  0.000000  0.000000  0.000000  0.000000  0.000000  
0.000000  0.000000  0.000000  0.000000  0.000000  0.000000  
0.000000  0.000000  0.000000  0.000000  0.000000  0.000000  
0.000000  0.000000  0.000000  0.000000  0.000000  0.000000  

F_input #21: 
0.000000  0.000000  0.000000  0.000000  0.000000  0.000000  
0.000000  0.000000  0.000000  0.000000  0.000000  0.000000  
0.000000  0.000000  0.000000  0.000000  0.000000  0.000000  

F_lambda #22: 
0.000000  0.000000  0.000000  0.000000  0.000000  0.000000  
0.000000  0.000000  0.000000  0.000000  0.000000  0.000000  
0.000000  0.000000  0.000000  0.000000  0.000000  0.000000  
0.000000  0.000000  0.000000  0.000000  0.000000  0.000000  
0.000000  0.000000  0.000000  0.000000  0.000000  0.000000  
0.000000  0.000000  0.000000  0.000000  0.000000  0.000000  

F_state #22: 
0.000000  0.000000  0.000000  0.000000  0.000000  0.000000  
0.000000  0.000000  0.000000  0.000000  0.000000  0.000000  
0.000000  0.000000  0.000000  0.000000  0.000000  0.000000  
0.000000  0.000000  0.000000  0.000000  0.000000  0.000000  
0.000000  0.000000  0.000000  0.000000  0.000000  0.000000  
0.000000  0.000000  0.000000  0.000000  0.000000  0.000000  

F_input #22: 
0.000000  0.000000  0.000000  0.000000  0.000000  0.000000  
0.000000  0.000000  0.000000  0.000000  0.000000  0.000000  
0.000000  0.000000  0.000000  0.000000  0.000000  0.000000  

F_lambda #23: 
0.000000  0.000000  0.000000  0.000000  0.000000  0.000000  
0.000000  0.000000  0.000000  0.000000  0.000000  0.000000  
0.000000  0.000000  0.000000  0.000000  0.000000  0.000000  
0.000000  0.000000  0.000000  0.000000  0.000000  0.000000  
0.000000  0.000000  0.000000  0.000000  0.000000  0.000000  
0.000000  0.000000  0.000000  0.000000  0.000000  0.000000  

F_state #23: 
0.000000  0.000000  0.000000  0.000000  0.000000  0.000000  
0.000000  0.000000  0.000000  0.000000  0.000000  0.000000  
0.000000  0.000000  0.000000  0.000000  0.000000  0.000000  
0.000000  0.000000  0.000000  0.000000  0.000000  0.000000  
0.000000  0.000000  0.000000  0.000000  0.000000  0.000000  
0.000000  0.000000  0.000000  0.000000  0.000000  0.000000  

F_input #23: 
0.000000  0.000000  0.000000  0.000000  0.000000  0.000000  
0.000000  0.000000  0.000000  0.000000  0.000000  0.000000  
0.000000  0.000000  0.000000  0.000000  0.000000  0.000000  

d0: 
-1.000000  -2.200000  1.600000  -1.600000  4.200000  -1.000000  

q0: 
1.000000  -1.000000  2.000000  -2.000000  3.000000  -3.000000  

r0: 
100.000000  0.000000  -100.000000  

d1: 
-1.500000  -1.500000  -1.500000  -1.500000  -1.500000  -1.500000  

q1: 
4.000000  2.400000  0.800000  -0.800000  -2.400000  -4.000000  

r1: 
200.000000  0.000000  -200.000000  

d2: 
-3.000000  -3.000000  -3.000000  -3.000000  -3.000000  -3.000000  

q2: 
6.000000  3.600000  1.200000  -1.200000  -3.600000  -6.000000  

r2: 
300.000000  0.000000  -300.000000  

d3: 
-4.500000  -4.500000  -4.500000  -4.500000  -4.500000  -4.500000  

q3: 
8.000000  4.800000  1.600000  -1.600000  -4.800000  -8.000000  

r3: 
400.000000  0.000000  -400.000000  

d4: 
-6.000000  -6.000000  -6.000000  -6.000000  -6.000000  -6.000000  

q4: 
10.000000  6.000000  2.000000  -2.000000  -6.000000  -10.000000  

r4: 
500.000000  0.000000  -500.000000  

d5: 
-7.500000  -7.500000  -7.500000  -7.500000  -7.500000  -7.500000  

q5: 
12.000000  7.200000  2.400000  -2.400000  -7.200000  -12.000000  

r5: 
600.000000  0.000000  -600.000000  

d6: 
-9.000000  -9.000000  -9.000000  -9.000000  -9.000000  -9.000000  

q6: 
14.000000  8.400000  2.800000  -2.800000  -8.400000  -14.000000  

r6: 
700.000000  0.000000  -700.000000  

d7: 
-10.500000  -10.500000  -10.500000  -10.500000  -10.500000  -10.500000  

q7: 
16.000000  9.599999  3.200000  -3.200000  -9.599999  -16.000000  

r7: 
-0.000000  -0.000000  -0.000000  
level , 0
done with one loop!
level , 1
done with one loop!
level , 2
done with one loop!
done with cuda!

Solve Time:  63.6 ms 
CHECK FINAL RESULTS on host
118.504715  
172.846069  
273.529419  
29.888535  
30.091047  
16.847630  
1.000000  
-1.000000  
2.000000  
-2.000000  
3.000000  
-3.000000  
-155.132980  
-171.387451  
-142.511597  
119.504715  
175.046066  
271.929413  
19.538063  
8.386442  
-9.345309  
1.524335  
-0.056937  
2.487442  
-16.013302  
-12.638747  
-15.751162  
-86.523453  
-97.500381  
-88.937523  
121.980377  
177.502991  
270.241943  
22.553326  
0.874889  
-24.618345  
2.490381  
1.191676  
3.467624  
-21.665649  
-19.388786  
-21.644911  
-67.444748  
-76.681068  
-76.278481  
125.489998  
179.911316  
267.974335  
30.469975  
-1.327458  
-35.770866  
4.486611  
3.369420  
5.421782  
-23.910116  
-22.556892  
-24.772768  
-63.299225  
-73.623390  
-77.942688  
129.003387  
181.341904  
264.152557  
39.879753  
-1.704756  
-45.413357  
7.779103  
6.745615  
8.554794  
-24.240044  
-23.919235  
-26.567028  
-55.585770  
-71.846634  
-82.737808  
131.224289  
180.596283  
257.597778  
48.997368  
-1.845151  
-54.606110  
12.577181  
11.494475  
12.984426  
-22.298615  
-23.603899  
-27.340818  
-23.636238  
-57.436569  
-83.840416  
130.647110  
176.301819  
247.013351  
55.831268  
-3.071433  
-63.966625  
19.229147  
17.846912  
18.831158  
-15.662235  
-20.347557  
-26.724857  
75.773926  
-5.333771  
-72.091217  
125.417953  
166.854889  
230.982178  
56.151711  
-7.809368  
-74.339989  
28.541796  
26.285488  
26.298218  
2.415171  
-10.380936  
-23.433998  
-0.000000  
-0.000000  
-0.000000  
