Run Test
Allocated memory
all good
CHECKING DATA AFTER update_Schur 0
LEVEL 0

F_lambda #0: 
-1.000000  -0.000000  -0.000000  -0.000000  -0.000000  -0.000000  
-0.000000  -1.000000  -0.000000  -0.000000  -0.000000  -0.000000  
-0.000000  -0.000000  -1.000000  -0.000000  -0.000000  -0.000000  
-0.100000  -0.000000  -0.000000  -1.000000  -0.000000  -0.000000  
-0.000000  -0.100000  -0.000000  -0.000000  -1.000000  -0.000000  
-0.000000  -0.000000  -0.100000  -0.000000  -0.000000  -1.000000  

F_state #0: 
0.000000  0.000000  0.000000  0.000000  0.000000  0.000000  
0.000000  0.000000  0.000000  0.000000  0.000000  0.000000  
0.000000  0.000000  0.000000  0.000000  0.000000  0.000000  
0.000000  0.000000  0.000000  0.000000  0.000000  0.000000  
0.000000  0.000000  0.000000  0.000000  0.000000  0.000000  
0.000000  0.000000  0.000000  0.000000  0.000000  0.000000  

F_input #0: 
0.500000  0.000000  0.000000  10.000000  0.000000  0.000000  
0.000000  0.500000  0.000000  0.000000  10.000000  0.000000  
0.000000  0.000000  0.500000  0.000000  0.000000  10.000000  

F_lambda #1: 
1.001249  0.000000  0.000000  0.050000  0.000000  0.000000  
0.000000  1.001249  0.000000  0.000000  0.050000  0.000000  
0.000000  0.000000  1.001249  0.000000  0.000000  0.050000  
0.049938  0.000000  0.000000  1.413332  0.000000  0.000000  
0.000000  0.049938  0.000000  0.000000  1.413332  0.000000  
0.000000  0.000000  0.049938  0.000000  0.000000  1.413332  

F_state #1: 
-1.000000  0.000000  0.000000  0.000000  0.000000  0.000000  
0.000000  -1.000000  0.000000  0.000000  0.000000  0.000000  
0.000000  0.000000  -1.000000  0.000000  0.000000  0.000000  
0.000000  0.000000  0.000000  -1.000000  0.000000  0.000000  
0.000000  0.000000  0.000000  0.000000  -1.000000  0.000000  
0.000000  0.000000  0.000000  0.000000  0.000000  -1.000000  

F_input #1: 
0.000000  0.000000  0.000000  0.000000  0.000000  0.000000  
0.000000  0.000000  0.000000  0.000000  0.000000  0.000000  
0.000000  0.000000  0.000000  0.000000  0.000000  0.000000  

F_lambda #2: 
0.000000  0.000000  0.000000  0.000000  0.000000  0.000000  
0.000000  0.000000  0.000000  0.000000  0.000000  0.000000  
0.000000  0.000000  0.000000  0.000000  0.000000  0.000000  
0.000000  0.000000  0.000000  0.000000  0.000000  0.000000  
0.000000  0.000000  0.000000  0.000000  0.000000  0.000000  
0.000000  0.000000  0.000000  0.000000  0.000000  0.000000  

F_state #2: 
1.000000  0.000000  0.000000  0.000000  0.000000  0.000000  
0.000000  1.000000  0.000000  0.000000  0.000000  0.000000  
0.000000  0.000000  1.000000  0.000000  0.000000  0.000000  
0.100000  0.000000  0.000000  1.000000  0.000000  0.000000  
0.000000  0.100000  0.000000  0.000000  1.000000  0.000000  
0.000000  0.000000  0.100000  0.000000  0.000000  1.000000  

F_input #2: 
0.500000  0.000000  0.000000  10.000000  0.000000  0.000000  
0.000000  0.500000  0.000000  0.000000  10.000000  0.000000  
0.000000  0.000000  0.500000  0.000000  0.000000  10.000000  

F_lambda #3: 
1.418626  0.000000  0.000000  0.150000  0.000000  0.000000  
0.000000  1.418626  0.000000  0.000000  0.150000  0.000000  
0.000000  0.000000  1.418626  0.000000  0.000000  0.150000  
0.105736  0.000000  0.000000  1.728820  0.000000  0.000000  
0.000000  0.105736  0.000000  0.000000  1.728820  0.000000  
0.000000  0.000000  0.105736  0.000000  0.000000  1.728820  

F_state #3: 
-1.000000  0.000000  0.000000  0.000000  0.000000  0.000000  
0.000000  -1.000000  0.000000  0.000000  0.000000  0.000000  
0.000000  0.000000  -1.000000  0.000000  0.000000  0.000000  
0.000000  0.000000  0.000000  -1.000000  0.000000  0.000000  
0.000000  0.000000  0.000000  0.000000  -1.000000  0.000000  
0.000000  0.000000  0.000000  0.000000  0.000000  -1.000000  

F_input #3: 
0.000000  0.000000  0.000000  0.000000  0.000000  0.000000  
0.000000  0.000000  0.000000  0.000000  0.000000  0.000000  
0.000000  0.000000  0.000000  0.000000  0.000000  0.000000  

F_lambda #4: 
0.000000  0.000000  0.000000  0.000000  0.000000  0.000000  
0.000000  0.000000  0.000000  0.000000  0.000000  0.000000  
0.000000  0.000000  0.000000  0.000000  0.000000  0.000000  
0.000000  0.000000  0.000000  0.000000  0.000000  0.000000  
0.000000  0.000000  0.000000  0.000000  0.000000  0.000000  
0.000000  0.000000  0.000000  0.000000  0.000000  0.000000  

F_state #4: 
1.000000  0.000000  0.000000  0.000000  0.000000  0.000000  
0.000000  1.000000  0.000000  0.000000  0.000000  0.000000  
0.000000  0.000000  1.000000  0.000000  0.000000  0.000000  
0.100000  0.000000  0.000000  1.000000  0.000000  0.000000  
0.000000  0.100000  0.000000  0.000000  1.000000  0.000000  
0.000000  0.000000  0.100000  0.000000  0.000000  1.000000  

F_input #4: 
0.500000  0.000000  0.000000  10.000000  0.000000  0.000000  
0.000000  0.500000  0.000000  0.000000  10.000000  0.000000  
0.000000  0.000000  0.500000  0.000000  0.000000  10.000000  

F_lambda #5: 
1.418626  0.000000  0.000000  0.150000  0.000000  0.000000  
0.000000  1.418626  0.000000  0.000000  0.150000  0.000000  
0.000000  0.000000  1.418626  0.000000  0.000000  0.150000  
0.105736  0.000000  0.000000  1.728820  0.000000  0.000000  
0.000000  0.105736  0.000000  0.000000  1.728820  0.000000  
0.000000  0.000000  0.105736  0.000000  0.000000  1.728820  

F_state #5: 
-1.000000  0.000000  0.000000  0.000000  0.000000  0.000000  
0.000000  -1.000000  0.000000  0.000000  0.000000  0.000000  
0.000000  0.000000  -1.000000  0.000000  0.000000  0.000000  
0.000000  0.000000  0.000000  -1.000000  0.000000  0.000000  
0.000000  0.000000  0.000000  0.000000  -1.000000  0.000000  
0.000000  0.000000  0.000000  0.000000  0.000000  -1.000000  

F_input #5: 
0.000000  0.000000  0.000000  0.000000  0.000000  0.000000  
0.000000  0.000000  0.000000  0.000000  0.000000  0.000000  
0.000000  0.000000  0.000000  0.000000  0.000000  0.000000  

F_lambda #6: 
0.000000  0.000000  0.000000  0.000000  0.000000  0.000000  
0.000000  0.000000  0.000000  0.000000  0.000000  0.000000  
0.000000  0.000000  0.000000  0.000000  0.000000  0.000000  
0.000000  0.000000  0.000000  0.000000  0.000000  0.000000  
0.000000  0.000000  0.000000  0.000000  0.000000  0.000000  
0.000000  0.000000  0.000000  0.000000  0.000000  0.000000  

F_state #6: 
1.000000  0.000000  0.000000  0.000000  0.000000  0.000000  
0.000000  1.000000  0.000000  0.000000  0.000000  0.000000  
0.000000  0.000000  1.000000  0.000000  0.000000  0.000000  
0.100000  0.000000  0.000000  1.000000  0.000000  0.000000  
0.000000  0.100000  0.000000  0.000000  1.000000  0.000000  
0.000000  0.000000  0.100000  0.000000  0.000000  1.000000  

F_input #6: 
0.500000  0.000000  0.000000  10.000000  0.000000  0.000000  
0.000000  0.500000  0.000000  0.000000  10.000000  0.000000  
0.000000  0.000000  0.500000  0.000000  0.000000  10.000000  

F_lambda #7: 
1.054751  0.000000  0.000000  0.150000  0.000000  0.000000  
0.000000  1.054751  0.000000  0.000000  0.150000  0.000000  
0.000000  0.000000  1.054751  0.000000  0.000000  0.150000  
0.142214  0.000000  0.000000  1.442142  0.000000  0.000000  
0.000000  0.142214  0.000000  0.000000  1.442142  0.000000  
0.000000  0.000000  0.142214  0.000000  0.000000  1.442142  

F_state #7: 
-0.100000  0.000000  0.000000  0.000000  0.000000  0.000000  
0.000000  -0.100000  0.000000  0.000000  0.000000  0.000000  
0.000000  0.000000  -0.100000  0.000000  0.000000  0.000000  
0.000000  0.000000  0.000000  -0.100000  0.000000  0.000000  
0.000000  0.000000  0.000000  0.000000  -0.100000  0.000000  
0.000000  0.000000  0.000000  0.000000  0.000000  -0.100000  

F_input #7: 
0.000000  0.000000  0.000000  0.000000  0.000000  0.000000  
0.000000  0.000000  0.000000  0.000000  0.000000  0.000000  
0.000000  0.000000  0.000000  0.000000  0.000000  0.000000  

LEVEL 1

F_lambda #8: 
-0.996255  0.000000  0.000000  0.024969  0.000000  0.000000  
0.000000  -0.996255  0.000000  0.000000  0.024969  0.000000  
0.000000  0.000000  -0.996255  0.000000  0.000000  0.024969  
-0.124719  0.000000  0.000000  -0.498127  0.000000  0.000000  
0.000000  -0.124719  0.000000  0.000000  -0.498127  0.000000  
0.000000  0.000000  -0.124719  0.000000  0.000000  -0.498127  

F_state #8: 
0.000000  0.000000  0.000000  0.000000  0.000000  0.000000  
0.000000  0.000000  0.000000  0.000000  0.000000  0.000000  
0.000000  0.000000  0.000000  0.000000  0.000000  0.000000  
0.000000  0.000000  0.000000  0.000000  0.000000  0.000000  
0.000000  0.000000  0.000000  0.000000  0.000000  0.000000  
0.000000  0.000000  0.000000  0.000000  0.000000  0.000000  

F_input #8: 
0.749064  0.000000  0.000000  4.993757  0.000000  0.000000  
0.000000  0.749064  0.000000  0.000000  4.993757  0.000000  
0.000000  0.000000  0.749064  0.000000  0.000000  4.993757  

F_lambda #9: 
-0.996255  0.000000  0.000000  0.024969  0.000000  0.000000  
0.000000  -0.996255  0.000000  0.000000  0.024969  0.000000  
0.000000  0.000000  -0.996255  0.000000  0.000000  0.024969  
-0.025094  0.000000  0.000000  -0.500624  0.000000  0.000000  
0.000000  -0.025094  0.000000  0.000000  -0.500624  0.000000  
0.000000  0.000000  -0.025094  0.000000  0.000000  -0.500624  

F_state #9: 
0.003745  0.000000  0.000000  0.024969  0.000000  0.000000  
0.000000  0.003745  0.000000  0.000000  0.024969  0.000000  
0.000000  0.000000  0.003745  0.000000  0.000000  0.024969  
0.074906  0.000000  0.000000  0.499376  0.000000  0.000000  
0.000000  0.074906  0.000000  0.000000  0.499376  0.000000  
0.000000  0.000000  0.074906  0.000000  0.000000  0.499376  

F_input #9: 
0.500000  0.000000  0.000000  10.000000  0.000000  0.000000  
0.000000  0.500000  0.000000  0.000000  10.000000  0.000000  
0.000000  0.000000  0.500000  0.000000  0.000000  10.000000  

F_lambda #10: 
0.000000  0.000000  0.000000  0.000000  0.000000  0.000000  
0.000000  0.000000  0.000000  0.000000  0.000000  0.000000  
0.000000  0.000000  0.000000  0.000000  0.000000  0.000000  
0.000000  0.000000  0.000000  0.000000  0.000000  0.000000  
0.000000  0.000000  0.000000  0.000000  0.000000  0.000000  
0.000000  0.000000  0.000000  0.000000  0.000000  0.000000  

F_state #10: 
-0.501247  0.000000  0.000000  0.024938  0.000000  0.000000  
0.000000  -0.501247  0.000000  0.000000  0.024938  0.000000  
0.000000  0.000000  -0.501247  0.000000  0.000000  0.024938  
0.024938  0.000000  0.000000  -0.665420  0.000000  0.000000  
0.000000  0.024938  0.000000  0.000000  -0.665420  0.000000  
0.000000  0.000000  0.024938  0.000000  0.000000  -0.665420  

F_input #10: 
-0.000000  0.000000  0.000000  3.333333  0.000000  0.000000  
0.000000  -0.000000  0.000000  0.000000  3.333333  0.000000  
0.000000  0.000000  -0.000000  0.000000  0.000000  3.333333  

F_lambda #11: 
-0.498753  0.000000  0.000000  -0.024938  0.000000  0.000000  
0.000000  -0.498753  0.000000  0.000000  -0.024938  0.000000  
0.000000  0.000000  -0.498753  0.000000  0.000000  -0.024938  
0.024938  0.000000  0.000000  -0.332086  0.000000  0.000000  
0.000000  0.024938  0.000000  0.000000  -0.332086  0.000000  
0.000000  0.000000  0.024938  0.000000  0.000000  -0.332086  

F_state #11: 
-0.498753  0.000000  0.000000  -0.024938  0.000000  0.000000  
0.000000  -0.498753  0.000000  0.000000  -0.024938  0.000000  
0.000000  0.000000  -0.498753  0.000000  0.000000  -0.024938  
0.024938  0.000000  0.000000  -0.332086  0.000000  0.000000  
0.000000  0.024938  0.000000  0.000000  -0.332086  0.000000  
0.000000  0.000000  0.024938  0.000000  0.000000  -0.332086  

F_input #11: 
0.000000  0.000000  0.000000  0.000000  0.000000  0.000000  
0.000000  0.000000  0.000000  0.000000  0.000000  0.000000  
0.000000  0.000000  0.000000  0.000000  0.000000  0.000000  

F_lambda #12: 
0.000000  0.000000  0.000000  0.000000  0.000000  0.000000  
0.000000  0.000000  0.000000  0.000000  0.000000  0.000000  
0.000000  0.000000  0.000000  0.000000  0.000000  0.000000  
0.000000  0.000000  0.000000  0.000000  0.000000  0.000000  
0.000000  0.000000  0.000000  0.000000  0.000000  0.000000  
0.000000  0.000000  0.000000  0.000000  0.000000  0.000000  

F_state #12: 
0.496259  0.000000  0.000000  -0.024938  0.000000  0.000000  
0.000000  0.496259  0.000000  0.000000  -0.024938  0.000000  
0.000000  0.000000  0.496259  0.000000  0.000000  -0.024938  
0.058146  0.000000  0.000000  0.332086  0.000000  0.000000  
0.000000  0.058146  0.000000  0.000000  0.332086  0.000000  
0.000000  0.000000  0.058146  0.000000  0.000000  0.332086  

F_input #12: 
0.333333  0.000000  0.000000  3.333333  0.000000  0.000000  
0.000000  0.333333  0.000000  0.000000  3.333333  0.000000  
0.000000  0.000000  0.333333  0.000000  0.000000  3.333333  

F_lambda #13: 
-0.496259  0.000000  0.000000  0.024938  0.000000  0.000000  
0.000000  -0.496259  0.000000  0.000000  0.024938  0.000000  
0.000000  0.000000  -0.496259  0.000000  0.000000  0.024938  
-0.008520  0.000000  0.000000  -0.334580  0.000000  0.000000  
0.000000  -0.008520  0.000000  0.000000  -0.334580  0.000000  
0.000000  0.000000  -0.008520  0.000000  0.000000  -0.334580  

F_state #13: 
0.503741  0.000000  0.000000  0.024938  0.000000  0.000000  
0.000000  0.503741  0.000000  0.000000  0.024938  0.000000  
0.000000  0.000000  0.503741  0.000000  0.000000  0.024938  
0.091480  0.000000  0.000000  0.665420  0.000000  0.000000  
0.000000  0.091480  0.000000  0.000000  0.665420  0.000000  
0.000000  0.000000  0.091480  0.000000  0.000000  0.665420  

F_input #13: 
0.500000  0.000000  0.000000  10.000000  0.000000  0.000000  
0.000000  0.500000  0.000000  0.000000  10.000000  0.000000  
0.000000  0.000000  0.500000  0.000000  0.000000  10.000000  

F_lambda #14: 
0.000000  0.000000  0.000000  0.000000  0.000000  0.000000  
0.000000  0.000000  0.000000  0.000000  0.000000  0.000000  
0.000000  0.000000  0.000000  0.000000  0.000000  0.000000  
0.000000  0.000000  0.000000  0.000000  0.000000  0.000000  
0.000000  0.000000  0.000000  0.000000  0.000000  0.000000  
0.000000  0.000000  0.000000  0.000000  0.000000  0.000000  

F_state #14: 
-0.092382  0.000000  0.000000  0.025932  0.000000  0.000000  
0.000000  -0.092382  0.000000  0.000000  0.025932  0.000000  
0.000000  0.000000  -0.092382  0.000000  0.000000  0.025932  
0.025932  0.000000  0.000000  -0.523069  0.000000  0.000000  
0.000000  0.025932  0.000000  0.000000  -0.523069  0.000000  
0.000000  0.000000  0.025932  0.000000  0.000000  -0.523069  

F_input #14: 
-0.194490  0.000000  0.000000  4.756349  0.000000  0.000000  
0.000000  -0.194490  0.000000  0.000000  4.756349  0.000000  
0.000000  0.000000  -0.194490  0.000000  0.000000  4.756349  

F_lambda #15: 
-0.907618  0.000000  0.000000  -0.025932  0.000000  0.000000  
0.000000  -0.907618  0.000000  0.000000  -0.025932  0.000000  
0.000000  0.000000  -0.907618  0.000000  0.000000  -0.025932  
0.064830  0.000000  0.000000  -0.474338  0.000000  0.000000  
0.000000  0.064830  0.000000  0.000000  -0.474338  0.000000  
0.000000  0.000000  0.064830  0.000000  0.000000  -0.474338  

F_state #15: 
-0.090762  0.000000  0.000000  -0.002593  0.000000  0.000000  
0.000000  -0.090762  0.000000  0.000000  -0.002593  0.000000  
0.000000  0.000000  -0.090762  0.000000  0.000000  -0.002593  
0.006483  0.000000  0.000000  -0.047434  0.000000  0.000000  
0.000000  0.006483  0.000000  0.000000  -0.047434  0.000000  
0.000000  0.000000  0.006483  0.000000  0.000000  -0.047434  

F_input #15: 
0.000000  0.000000  0.000000  0.000000  0.000000  0.000000  
0.000000  0.000000  0.000000  0.000000  0.000000  0.000000  
0.000000  0.000000  0.000000  0.000000  0.000000  0.000000  

LEVEL 2

F_lambda #16: 
0.000000  0.000000  0.000000  0.000000  0.000000  0.000000  
0.000000  0.000000  0.000000  0.000000  0.000000  0.000000  
0.000000  0.000000  0.000000  0.000000  0.000000  0.000000  
0.000000  0.000000  0.000000  0.000000  0.000000  0.000000  
0.000000  0.000000  0.000000  0.000000  0.000000  0.000000  
0.000000  0.000000  0.000000  0.000000  0.000000  0.000000  

F_state #16: 
0.000000  0.000000  0.000000  0.000000  0.000000  0.000000  
0.000000  0.000000  0.000000  0.000000  0.000000  0.000000  
0.000000  0.000000  0.000000  0.000000  0.000000  0.000000  
0.000000  0.000000  0.000000  0.000000  0.000000  0.000000  
0.000000  0.000000  0.000000  0.000000  0.000000  0.000000  
0.000000  0.000000  0.000000  0.000000  0.000000  0.000000  

F_input #16: 
0.000000  0.000000  0.000000  0.000000  0.000000  0.000000  
0.000000  0.000000  0.000000  0.000000  0.000000  0.000000  
0.000000  0.000000  0.000000  0.000000  0.000000  0.000000  

F_lambda #17: 
0.000000  0.000000  0.000000  0.000000  0.000000  0.000000  
0.000000  0.000000  0.000000  0.000000  0.000000  0.000000  
0.000000  0.000000  0.000000  0.000000  0.000000  0.000000  
0.000000  0.000000  0.000000  0.000000  0.000000  0.000000  
0.000000  0.000000  0.000000  0.000000  0.000000  0.000000  
0.000000  0.000000  0.000000  0.000000  0.000000  0.000000  

F_state #17: 
0.000000  0.000000  0.000000  0.000000  0.000000  0.000000  
0.000000  0.000000  0.000000  0.000000  0.000000  0.000000  
0.000000  0.000000  0.000000  0.000000  0.000000  0.000000  
0.000000  0.000000  0.000000  0.000000  0.000000  0.000000  
0.000000  0.000000  0.000000  0.000000  0.000000  0.000000  
0.000000  0.000000  0.000000  0.000000  0.000000  0.000000  

F_input #17: 
0.000000  0.000000  0.000000  0.000000  0.000000  0.000000  
0.000000  0.000000  0.000000  0.000000  0.000000  0.000000  
0.000000  0.000000  0.000000  0.000000  0.000000  0.000000  

F_lambda #18: 
0.000000  0.000000  0.000000  0.000000  0.000000  0.000000  
0.000000  0.000000  0.000000  0.000000  0.000000  0.000000  
0.000000  0.000000  0.000000  0.000000  0.000000  0.000000  
0.000000  0.000000  0.000000  0.000000  0.000000  0.000000  
0.000000  0.000000  0.000000  0.000000  0.000000  0.000000  
0.000000  0.000000  0.000000  0.000000  0.000000  0.000000  

F_state #18: 
0.496259  0.000000  0.000000  -0.024938  0.000000  0.000000  
0.000000  0.496259  0.000000  0.000000  -0.024938  0.000000  
0.000000  0.000000  0.496259  0.000000  0.000000  -0.024938  
0.058146  0.000000  0.000000  0.332086  0.000000  0.000000  
0.000000  0.058146  0.000000  0.000000  0.332086  0.000000  
0.000000  0.000000  0.058146  0.000000  0.000000  0.332086  

F_input #18: 
0.333333  0.000000  0.000000  3.333333  0.000000  0.000000  
0.000000  0.333333  0.000000  0.000000  3.333333  0.000000  
0.000000  0.000000  0.333333  0.000000  0.000000  3.333333  

F_lambda #19: 
-0.496259  0.000000  0.000000  0.024938  0.000000  0.000000  
0.000000  -0.496259  0.000000  0.000000  0.024938  0.000000  
0.000000  0.000000  -0.496259  0.000000  0.000000  0.024938  
-0.008520  0.000000  0.000000  -0.334580  0.000000  0.000000  
0.000000  -0.008520  0.000000  0.000000  -0.334580  0.000000  
0.000000  0.000000  -0.008520  0.000000  0.000000  -0.334580  

F_state #19: 
0.503741  0.000000  0.000000  0.024938  0.000000  0.000000  
0.000000  0.503741  0.000000  0.000000  0.024938  0.000000  
0.000000  0.000000  0.503741  0.000000  0.000000  0.024938  
0.091480  0.000000  0.000000  0.665420  0.000000  0.000000  
0.000000  0.091480  0.000000  0.000000  0.665420  0.000000  
0.000000  0.000000  0.091480  0.000000  0.000000  0.665420  

F_input #19: 
0.500000  0.000000  0.000000  10.000000  0.000000  0.000000  
0.000000  0.500000  0.000000  0.000000  10.000000  0.000000  
0.000000  0.000000  0.500000  0.000000  0.000000  10.000000  

F_lambda #20: 
0.000000  0.000000  0.000000  0.000000  0.000000  0.000000  
0.000000  0.000000  0.000000  0.000000  0.000000  0.000000  
0.000000  0.000000  0.000000  0.000000  0.000000  0.000000  
0.000000  0.000000  0.000000  0.000000  0.000000  0.000000  
0.000000  0.000000  0.000000  0.000000  0.000000  0.000000  
0.000000  0.000000  0.000000  0.000000  0.000000  0.000000  

F_state #20: 
-0.501247  0.000000  0.000000  0.024938  0.000000  0.000000  
0.000000  -0.501247  0.000000  0.000000  0.024938  0.000000  
0.000000  0.000000  -0.501247  0.000000  0.000000  0.024938  
0.024938  0.000000  0.000000  -0.665420  0.000000  0.000000  
0.000000  0.024938  0.000000  0.000000  -0.665420  0.000000  
0.000000  0.000000  0.024938  0.000000  0.000000  -0.665420  

F_input #20: 
-0.000000  0.000000  0.000000  3.333333  0.000000  0.000000  
0.000000  -0.000000  0.000000  0.000000  3.333333  0.000000  
0.000000  0.000000  -0.000000  0.000000  0.000000  3.333333  

F_lambda #21: 
-0.498753  0.000000  0.000000  -0.024938  0.000000  0.000000  
0.000000  -0.498753  0.000000  0.000000  -0.024938  0.000000  
0.000000  0.000000  -0.498753  0.000000  0.000000  -0.024938  
0.024938  0.000000  0.000000  -0.332086  0.000000  0.000000  
0.000000  0.024938  0.000000  0.000000  -0.332086  0.000000  
0.000000  0.000000  0.024938  0.000000  0.000000  -0.332086  

F_state #21: 
-0.498753  0.000000  0.000000  -0.024938  0.000000  0.000000  
0.000000  -0.498753  0.000000  0.000000  -0.024938  0.000000  
0.000000  0.000000  -0.498753  0.000000  0.000000  -0.024938  
0.024938  0.000000  0.000000  -0.332086  0.000000  0.000000  
0.000000  0.024938  0.000000  0.000000  -0.332086  0.000000  
0.000000  0.000000  0.024938  0.000000  0.000000  -0.332086  

F_input #21: 
0.000000  0.000000  0.000000  0.000000  0.000000  0.000000  
0.000000  0.000000  0.000000  0.000000  0.000000  0.000000  
0.000000  0.000000  0.000000  0.000000  0.000000  0.000000  

F_lambda #22: 
0.000000  0.000000  0.000000  0.000000  0.000000  0.000000  
0.000000  0.000000  0.000000  0.000000  0.000000  0.000000  
0.000000  0.000000  0.000000  0.000000  0.000000  0.000000  
0.000000  0.000000  0.000000  0.000000  0.000000  0.000000  
0.000000  0.000000  0.000000  0.000000  0.000000  0.000000  
0.000000  0.000000  0.000000  0.000000  0.000000  0.000000  

F_state #22: 
0.000000  0.000000  0.000000  0.000000  0.000000  0.000000  
0.000000  0.000000  0.000000  0.000000  0.000000  0.000000  
0.000000  0.000000  0.000000  0.000000  0.000000  0.000000  
0.000000  0.000000  0.000000  0.000000  0.000000  0.000000  
0.000000  0.000000  0.000000  0.000000  0.000000  0.000000  
0.000000  0.000000  0.000000  0.000000  0.000000  0.000000  

F_input #22: 
0.000000  0.000000  0.000000  0.000000  0.000000  0.000000  
0.000000  0.000000  0.000000  0.000000  0.000000  0.000000  
0.000000  0.000000  0.000000  0.000000  0.000000  0.000000  

F_lambda #23: 
0.000000  0.000000  0.000000  0.000000  0.000000  0.000000  
0.000000  0.000000  0.000000  0.000000  0.000000  0.000000  
0.000000  0.000000  0.000000  0.000000  0.000000  0.000000  
0.000000  0.000000  0.000000  0.000000  0.000000  0.000000  
0.000000  0.000000  0.000000  0.000000  0.000000  0.000000  
0.000000  0.000000  0.000000  0.000000  0.000000  0.000000  

F_state #23: 
0.000000  0.000000  0.000000  0.000000  0.000000  0.000000  
0.000000  0.000000  0.000000  0.000000  0.000000  0.000000  
0.000000  0.000000  0.000000  0.000000  0.000000  0.000000  
0.000000  0.000000  0.000000  0.000000  0.000000  0.000000  
0.000000  0.000000  0.000000  0.000000  0.000000  0.000000  
0.000000  0.000000  0.000000  0.000000  0.000000  0.000000  

F_input #23: 
0.000000  0.000000  0.000000  0.000000  0.000000  0.000000  
0.000000  0.000000  0.000000  0.000000  0.000000  0.000000  
0.000000  0.000000  0.000000  0.000000  0.000000  0.000000  

d0: 
-1.000000  -2.200000  1.600000  -1.600000  4.200000  -1.000000  

q0: 
1.000000  -1.000000  2.000000  -2.000000  3.000000  -3.000000  

r0: 
100.000000  0.000000  -100.000000  

d1: 
-1.500000  -1.500000  -1.500000  -1.500000  -1.500000  -1.500000  

q1: 
4.000000  2.400000  0.800000  -0.800000  -2.400000  -4.000000  

r1: 
200.000000  0.000000  -200.000000  

d2: 
-3.000000  -3.000000  -3.000000  -3.000000  -3.000000  -3.000000  

q2: 
6.000000  3.600000  1.200000  -1.200000  -3.600000  -6.000000  

r2: 
300.000000  0.000000  -300.000000  

d3: 
-4.500000  -4.500000  -4.500000  -4.500000  -4.500000  -4.500000  

q3: 
8.000000  4.800000  1.600000  -1.600000  -4.800000  -8.000000  

r3: 
400.000000  0.000000  -400.000000  

d4: 
-6.000000  -6.000000  -6.000000  -6.000000  -6.000000  -6.000000  

q4: 
10.000000  6.000000  2.000000  -2.000000  -6.000000  -10.000000  

r4: 
500.000000  0.000000  -500.000000  

d5: 
-7.500000  -7.500000  -7.500000  -7.500000  -7.500000  -7.500000  

q5: 
12.000000  7.200000  2.400000  -2.400000  -7.200000  -12.000000  

r5: 
600.000000  0.000000  -600.000000  

d6: 
-9.000000  -9.000000  -9.000000  -9.000000  -9.000000  -9.000000  

q6: 
14.000000  8.400000  2.800000  -2.800000  -8.400000  -14.000000  

r6: 
700.000000  0.000000  -700.000000  

d7: 
-10.500000  -10.500000  -10.500000  -10.500000  -10.500000  -10.500000  

q7: 
16.000000  9.599999  3.200000  -3.200000  -9.599999  -16.000000  

r7: 
-0.000000  -0.000000  -0.000000  
done with the loop!
CHECKING DATA AFTER update_Schur 1
LEVEL 0

F_lambda #0: 
-1.000000  -0.000000  -0.000000  -0.000000  -0.000000  -0.000000  
-0.000000  -1.000000  -0.000000  -0.000000  -0.000000  -0.000000  
-0.000000  -0.000000  -1.000000  -0.000000  -0.000000  -0.000000  
-0.100000  -0.000000  -0.000000  -1.000000  -0.000000  -0.000000  
-0.000000  -0.100000  -0.000000  -0.000000  -1.000000  -0.000000  
-0.000000  -0.000000  -0.100000  -0.000000  -0.000000  -1.000000  

F_state #0: 
0.000000  0.000000  0.000000  0.000000  0.000000  0.000000  
0.000000  0.000000  0.000000  0.000000  0.000000  0.000000  
0.000000  0.000000  0.000000  0.000000  0.000000  0.000000  
0.000000  0.000000  0.000000  0.000000  0.000000  0.000000  
0.000000  0.000000  
q5: 
12.000000  7.200000  2.400000  -2.400000  -7.200000  -12.000000  

r5: 
600.000000  0.000000  -600.000000  

d6: 
-9.000000  -9.000000  -9.000000  -9.000000  -9.000000  -9.000000  

q6: 
14.000000  8.400000  2.800000  -2.800000  -8.400000  -14.000000  

r6: 
700.000000  0.000000  -700.000000  

d7: 
-10.500000  -10.500000  -10.500000  -10.500000  -10.500000  -10.500000  

q7: 
16.000000  9.599999  3.200000  -3.200000  -9.599999  -16.000000  

r7: 
-0.000000  -0.000000  -0.000000  
done with the loop!
done with cuda!

Solve Time:  155.9 ms 
CHECK FINAL RESULTS on host
118.504715  
172.846069  
259.107758  
29.888535  
30.091047  
15.504947  
1.000000  
-1.000000  
2.000000  
-2.000000  
3.000000  
-3.000000  
-155.132980  
-171.387451  
-136.295593  
119.504715  
175.046066  
257.507751  
19.538063  
8.386442  
-9.245825  
1.524335  
-0.056937  
2.518523  
-16.013302  
-12.638747  
-15.129562  
-86.523453  
-97.500381  
-90.942749  
121.980377  
177.502991  
255.789215  
22.553326  
0.874889  
-23.695187  
2.490381  
1.191676  
3.550838  
-21.665649  
-19.388786  
-21.223837  
-67.444748  
-76.681068  
-88.567299  
125.489998  
179.911316  
253.438385  
30.469975  
-1.327458  
-33.815189  
4.486611  
3.369420  
4.025873  
-23.910116  
-22.556892  
-23.351332  
-63.299225  
-73.623390  
-112.877472  
129.003387  
181.341904  
249.552719  
39.879753  
-1.704756  
-41.189888  
7.779103  
6.745615  
7.004303  
-24.240044  
-23.919235  
-28.639057  
-55.585770  
-71.846634  
-134.546661  
131.224289  
180.596283  
243.189514  
48.997368  
-1.845151  
-48.704811  
12.577181  
11.494475  
12.510102  
-22.298615  
-23.603899  
-32.758705  
-23.636238  
-57.436569  
-203.999252  
130.647110  
176.301819  
233.079407  
55.831268  
-3.071433  
-51.254044  
19.229147  
17.846912  
15.885130  
-15.662235  
-20.347557  
-44.158638  
75.773926  
-5.333771  
-135.266693  
125.417953  
166.854889  
218.665161  
56.151711  
-7.809368  
-67.406586  
28.541796  
26.285488  
25.066515  
2.415171  
-10.380936  
-22.740660  
-0.000000  
-0.000000  
-0.000000  
