nhorizon 8
x0 [1.0, -1.0, 2.0, -2.0, 3.0, -3.0]
nhorizon 8
nstates 6
ninputs 3
Inside the kernel

after solve_leaf
F_lamda 0 
: [[-1.  -0.  -0.  -0.  -0.  -0. ]
 [-0.  -1.  -0.  -0.  -0.  -0. ]
 [-0.  -0.  -1.  -0.  -0.  -0. ]
 [-0.1 -0.  -0.  -1.  -0.  -0. ]
 [-0.  -0.1 -0.  -0.  -1.  -0. ]
 [-0.  -0.  -0.1 -0.  -0.  -1. ]]
F_state 0:
[[0. 0. 0. 0. 0. 0.]
 [0. 0. 0. 0. 0. 0.]
 [0. 0. 0. 0. 0. 0.]
 [0. 0. 0. 0. 0. 0.]
 [0. 0. 0. 0. 0. 0.]
 [0. 0. 0. 0. 0. 0.]]
F_input0: 
 [[ 0.5  0.   0.  10.   0.   0. ]
 [ 0.   0.5  0.   0.  10.   0. ]
 [ 0.   0.   0.5  0.   0.  10. ]]
F_lamda 1 
: [[0. 0. 0. 0. 0. 0.]
 [0. 0. 0. 0. 0. 0.]
 [0. 0. 0. 0. 0. 0.]
 [0. 0. 0. 0. 0. 0.]
 [0. 0. 0. 0. 0. 0.]
 [0. 0. 0. 0. 0. 0.]]
F_state 1:
[[-1.  0.  0.  0.  0.  0.]
 [ 0. -1.  0.  0.  0.  0.]
 [ 0.  0. -1.  0.  0.  0.]
 [ 0.  0.  0. -1.  0.  0.]
 [ 0.  0.  0.  0. -1.  0.]
 [ 0.  0.  0.  0.  0. -1.]]
F_input1: 
 [[0. 0. 0. 0. 0. 0.]
 [0. 0. 0. 0. 0. 0.]
 [0. 0. 0. 0. 0. 0.]]
F_lamda 2 
: [[0. 0. 0. 0. 0. 0.]
 [0. 0. 0. 0. 0. 0.]
 [0. 0. 0. 0. 0. 0.]
 [0. 0. 0. 0. 0. 0.]
 [0. 0. 0. 0. 0. 0.]
 [0. 0. 0. 0. 0. 0.]]
F_state 2:
[[1.  0.  0.  0.  0.  0. ]
 [0.  1.  0.  0.  0.  0. ]
 [0.  0.  1.  0.  0.  0. ]
 [0.1 0.  0.  1.  0.  0. ]
 [0.  0.1 0.  0.  1.  0. ]
 [0.  0.  0.1 0.  0.  1. ]]
F_input2: 
 [[ 0.5  0.   0.  10.   0.   0. ]
 [ 0.   0.5  0.   0.  10.   0. ]
 [ 0.   0.   0.5  0.   0.  10. ]]
F_lamda 3 
: [[0. 0. 0. 0. 0. 0.]
 [0. 0. 0. 0. 0. 0.]
 [0. 0. 0. 0. 0. 0.]
 [0. 0. 0. 0. 0. 0.]
 [0. 0. 0. 0. 0. 0.]
 [0. 0. 0. 0. 0. 0.]]
F_state 3:
[[-1.  0.  0.  0.  0.  0.]
 [ 0. -1.  0.  0.  0.  0.]
 [ 0.  0. -1.  0.  0.  0.]
 [ 0.  0.  0. -1.  0.  0.]
 [ 0.  0.  0.  0. -1.  0.]
 [ 0.  0.  0.  0.  0. -1.]]
F_input3: 
 [[0. 0. 0. 0. 0. 0.]
 [0. 0. 0. 0. 0. 0.]
 [0. 0. 0. 0. 0. 0.]]
F_lamda 4 
: [[0. 0. 0. 0. 0. 0.]
 [0. 0. 0. 0. 0. 0.]
 [0. 0. 0. 0. 0. 0.]
 [0. 0. 0. 0. 0. 0.]
 [0. 0. 0. 0. 0. 0.]
 [0. 0. 0. 0. 0. 0.]]
F_state 4:
[[1.  0.  0.  0.  0.  0. ]
 [0.  1.  0.  0.  0.  0. ]
 [0.  0.  1.  0.  0.  0. ]
 [0.1 0.  0.  1.  0.  0. ]
 [0.  0.1 0.  0.  1.  0. ]
 [0.  0.  0.1 0.  0.  1. ]]
F_input4: 
 [[ 0.5  0.   0.  10.   0.   0. ]
 [ 0.   0.5  0.   0.  10.   0. ]
 [ 0.   0.   0.5  0.   0.  10. ]]
F_lamda 5 
: [[0. 0. 0. 0. 0. 0.]
 [0. 0. 0. 0. 0. 0.]
 [0. 0. 0. 0. 0. 0.]
 [0. 0. 0. 0. 0. 0.]
 [0. 0. 0. 0. 0. 0.]
 [0. 0. 0. 0. 0. 0.]]
F_state 5:
[[-1.  0.  0.  0.  0.  0.]
 [ 0. -1.  0.  0.  0.  0.]
 [ 0.  0. -1.  0.  0.  0.]
 [ 0.  0.  0. -1.  0.  0.]
 [ 0.  0.  0.  0. -1.  0.]
 [ 0.  0.  0.  0.  0. -1.]]
F_input5: 
 [[0. 0. 0. 0. 0. 0.]
 [0. 0. 0. 0. 0. 0.]
 [0. 0. 0. 0. 0. 0.]]
F_lamda 6 
: [[0. 0. 0. 0. 0. 0.]
 [0. 0. 0. 0. 0. 0.]
 [0. 0. 0. 0. 0. 0.]
 [0. 0. 0. 0. 0. 0.]
 [0. 0. 0. 0. 0. 0.]
 [0. 0. 0. 0. 0. 0.]]
F_state 6:
[[1.  0.  0.  0.  0.  0. ]
 [0.  1.  0.  0.  0.  0. ]
 [0.  0.  1.  0.  0.  0. ]
 [0.1 0.  0.  1.  0.  0. ]
 [0.  0.1 0.  0.  1.  0. ]
 [0.  0.  0.1 0.  0.  1. ]]
F_input6: 
 [[ 0.5  0.   0.  10.   0.   0. ]
 [ 0.   0.5  0.   0.  10.   0. ]
 [ 0.   0.   0.5  0.   0.  10. ]]
F_lamda 7 
: [[0. 0. 0. 0. 0. 0.]
 [0. 0. 0. 0. 0. 0.]
 [0. 0. 0. 0. 0. 0.]
 [0. 0. 0. 0. 0. 0.]
 [0. 0. 0. 0. 0. 0.]
 [0. 0. 0. 0. 0. 0.]]
F_state 7:
[[-0.1  0.   0.   0.   0.   0. ]
 [ 0.  -0.1  0.   0.   0.   0. ]
 [ 0.   0.  -0.1  0.   0.   0. ]
 [ 0.   0.   0.  -0.1  0.   0. ]
 [ 0.   0.   0.   0.  -0.1  0. ]
 [ 0.   0.   0.   0.   0.  -0.1]]
F_input7: 
 [[0. 0. 0. 0. 0. 0.]
 [0. 0. 0. 0. 0. 0.]
 [0. 0. 0. 0. 0. 0.]]
F_lamda 8 
: [[0. 0. 0. 0. 0. 0.]
 [0. 0. 0. 0. 0. 0.]
 [0. 0. 0. 0. 0. 0.]
 [0. 0. 0. 0. 0. 0.]
 [0. 0. 0. 0. 0. 0.]
 [0. 0. 0. 0. 0. 0.]]
F_state 8:
[[0. 0. 0. 0. 0. 0.]
 [0. 0. 0. 0. 0. 0.]
 [0. 0. 0. 0. 0. 0.]
 [0. 0. 0. 0. 0. 0.]
 [0. 0. 0. 0. 0. 0.]
 [0. 0. 0. 0. 0. 0.]]
F_input8: 
 [[0. 0. 0. 0. 0. 0.]
 [0. 0. 0. 0. 0. 0.]
 [0. 0. 0. 0. 0. 0.]]
F_lamda 9 
: [[0. 0. 0. 0. 0. 0.]
 [0. 0. 0. 0. 0. 0.]
 [0. 0. 0. 0. 0. 0.]
 [0. 0. 0. 0. 0. 0.]
 [0. 0. 0. 0. 0. 0.]
 [0. 0. 0. 0. 0. 0.]]
F_state 9:
[[1.  0.  0.  0.  0.  0. ]
 [0.  1.  0.  0.  0.  0. ]
 [0.  0.  1.  0.  0.  0. ]
 [0.1 0.  0.  1.  0.  0. ]
 [0.  0.1 0.  0.  1.  0. ]
 [0.  0.  0.1 0.  0.  1. ]]
F_input9: 
 [[ 0.5  0.   0.  10.   0.   0. ]
 [ 0.   0.5  0.   0.  10.   0. ]
 [ 0.   0.   0.5  0.   0.  10. ]]
F_lamda 10 
: [[0. 0. 0. 0. 0. 0.]
 [0. 0. 0. 0. 0. 0.]
 [0. 0. 0. 0. 0. 0.]
 [0. 0. 0. 0. 0. 0.]
 [0. 0. 0. 0. 0. 0.]
 [0. 0. 0. 0. 0. 0.]]
F_state 10:
[[-1.  0.  0.  0.  0.  0.]
 [ 0. -1.  0.  0.  0.  0.]
 [ 0.  0. -1.  0.  0.  0.]
 [ 0.  0.  0. -1.  0.  0.]
 [ 0.  0.  0.  0. -1.  0.]
 [ 0.  0.  0.  0.  0. -1.]]
F_input10: 
 [[0. 0. 0. 0. 0. 0.]
 [0. 0. 0. 0. 0. 0.]
 [0. 0. 0. 0. 0. 0.]]
F_lamda 11 
: [[0. 0. 0. 0. 0. 0.]
 [0. 0. 0. 0. 0. 0.]
 [0. 0. 0. 0. 0. 0.]
 [0. 0. 0. 0. 0. 0.]
 [0. 0. 0. 0. 0. 0.]
 [0. 0. 0. 0. 0. 0.]]
F_state 11:
[[0. 0. 0. 0. 0. 0.]
 [0. 0. 0. 0. 0. 0.]
 [0. 0. 0. 0. 0. 0.]
 [0. 0. 0. 0. 0. 0.]
 [0. 0. 0. 0. 0. 0.]
 [0. 0. 0. 0. 0. 0.]]
F_input11: 
 [[0. 0. 0. 0. 0. 0.]
 [0. 0. 0. 0. 0. 0.]
 [0. 0. 0. 0. 0. 0.]]
F_lamda 12 
: [[0. 0. 0. 0. 0. 0.]
 [0. 0. 0. 0. 0. 0.]
 [0. 0. 0. 0. 0. 0.]
 [0. 0. 0. 0. 0. 0.]
 [0. 0. 0. 0. 0. 0.]
 [0. 0. 0. 0. 0. 0.]]
F_state 12:
[[0. 0. 0. 0. 0. 0.]
 [0. 0. 0. 0. 0. 0.]
 [0. 0. 0. 0. 0. 0.]
 [0. 0. 0. 0. 0. 0.]
 [0. 0. 0. 0. 0. 0.]
 [0. 0. 0. 0. 0. 0.]]
F_input12: 
 [[0. 0. 0. 0. 0. 0.]
 [0. 0. 0. 0. 0. 0.]
 [0. 0. 0. 0. 0. 0.]]
F_lamda 13 
: [[0. 0. 0. 0. 0. 0.]
 [0. 0. 0. 0. 0. 0.]
 [0. 0. 0. 0. 0. 0.]
 [0. 0. 0. 0. 0. 0.]
 [0. 0. 0. 0. 0. 0.]
 [0. 0. 0. 0. 0. 0.]]
F_state 13:
[[1.  0.  0.  0.  0.  0. ]
 [0.  1.  0.  0.  0.  0. ]
 [0.  0.  1.  0.  0.  0. ]
 [0.1 0.  0.  1.  0.  0. ]
 [0.  0.1 0.  0.  1.  0. ]
 [0.  0.  0.1 0.  0.  1. ]]
F_input13: 
 [[ 0.5  0.   0.  10.   0.   0. ]
 [ 0.   0.5  0.   0.  10.   0. ]
 [ 0.   0.   0.5  0.   0.  10. ]]
F_lamda 14 
: [[0. 0. 0. 0. 0. 0.]
 [0. 0. 0. 0. 0. 0.]
 [0. 0. 0. 0. 0. 0.]
 [0. 0. 0. 0. 0. 0.]
 [0. 0. 0. 0. 0. 0.]
 [0. 0. 0. 0. 0. 0.]]
F_state 14:
[[-1.  0.  0.  0.  0.  0.]
 [ 0. -1.  0.  0.  0.  0.]
 [ 0.  0. -1.  0.  0.  0.]
 [ 0.  0.  0. -1.  0.  0.]
 [ 0.  0.  0.  0. -1.  0.]
 [ 0.  0.  0.  0.  0. -1.]]
F_input14: 
 [[0. 0. 0. 0. 0. 0.]
 [0. 0. 0. 0. 0. 0.]
 [0. 0. 0. 0. 0. 0.]]
F_lamda 15 
: [[0. 0. 0. 0. 0. 0.]
 [0. 0. 0. 0. 0. 0.]
 [0. 0. 0. 0. 0. 0.]
 [0. 0. 0. 0. 0. 0.]
 [0. 0. 0. 0. 0. 0.]
 [0. 0. 0. 0. 0. 0.]]
F_state 15:
[[0. 0. 0. 0. 0. 0.]
 [0. 0. 0. 0. 0. 0.]
 [0. 0. 0. 0. 0. 0.]
 [0. 0. 0. 0. 0. 0.]
 [0. 0. 0. 0. 0. 0.]
 [0. 0. 0. 0. 0. 0.]]
F_input15: 
 [[0. 0. 0. 0. 0. 0.]
 [0. 0. 0. 0. 0. 0.]
 [0. 0. 0. 0. 0. 0.]]
F_lamda 16 
: [[0. 0. 0. 0. 0. 0.]
 [0. 0. 0. 0. 0. 0.]
 [0. 0. 0. 0. 0. 0.]
 [0. 0. 0. 0. 0. 0.]
 [0. 0. 0. 0. 0. 0.]
 [0. 0. 0. 0. 0. 0.]]
F_state 16:
[[0. 0. 0. 0. 0. 0.]
 [0. 0. 0. 0. 0. 0.]
 [0. 0. 0. 0. 0. 0.]
 [0. 0. 0. 0. 0. 0.]
 [0. 0. 0. 0. 0. 0.]
 [0. 0. 0. 0. 0. 0.]]
F_input16: 
 [[0. 0. 0. 0. 0. 0.]
 [0. 0. 0. 0. 0. 0.]
 [0. 0. 0. 0. 0. 0.]]
F_lamda 17 
: [[0. 0. 0. 0. 0. 0.]
 [0. 0. 0. 0. 0. 0.]
 [0. 0. 0. 0. 0. 0.]
 [0. 0. 0. 0. 0. 0.]
 [0. 0. 0. 0. 0. 0.]
 [0. 0. 0. 0. 0. 0.]]
F_state 17:
[[0. 0. 0. 0. 0. 0.]
 [0. 0. 0. 0. 0. 0.]
 [0. 0. 0. 0. 0. 0.]
 [0. 0. 0. 0. 0. 0.]
 [0. 0. 0. 0. 0. 0.]
 [0. 0. 0. 0. 0. 0.]]
F_input17: 
 [[0. 0. 0. 0. 0. 0.]
 [0. 0. 0. 0. 0. 0.]
 [0. 0. 0. 0. 0. 0.]]
F_lamda 18 
: [[0. 0. 0. 0. 0. 0.]
 [0. 0. 0. 0. 0. 0.]
 [0. 0. 0. 0. 0. 0.]
 [0. 0. 0. 0. 0. 0.]
 [0. 0. 0. 0. 0. 0.]
 [0. 0. 0. 0. 0. 0.]]
F_state 18:
[[0. 0. 0. 0. 0. 0.]
 [0. 0. 0. 0. 0. 0.]
 [0. 0. 0. 0. 0. 0.]
 [0. 0. 0. 0. 0. 0.]
 [0. 0. 0. 0. 0. 0.]
 [0. 0. 0. 0. 0. 0.]]
F_input18: 
 [[0. 0. 0. 0. 0. 0.]
 [0. 0. 0. 0. 0. 0.]
 [0. 0. 0. 0. 0. 0.]]
F_lamda 19 
: [[0. 0. 0. 0. 0. 0.]
 [0. 0. 0. 0. 0. 0.]
 [0. 0. 0. 0. 0. 0.]
 [0. 0. 0. 0. 0. 0.]
 [0. 0. 0. 0. 0. 0.]
 [0. 0. 0. 0. 0. 0.]]
F_state 19:
[[1.  0.  0.  0.  0.  0. ]
 [0.  1.  0.  0.  0.  0. ]
 [0.  0.  1.  0.  0.  0. ]
 [0.1 0.  0.  1.  0.  0. ]
 [0.  0.1 0.  0.  1.  0. ]
 [0.  0.  0.1 0.  0.  1. ]]
F_input19: 
 [[ 0.5  0.   0.  10.   0.   0. ]
 [ 0.   0.5  0.   0.  10.   0. ]
 [ 0.   0.   0.5  0.   0.  10. ]]
F_lamda 20 
: [[0. 0. 0. 0. 0. 0.]
 [0. 0. 0. 0. 0. 0.]
 [0. 0. 0. 0. 0. 0.]
 [0. 0. 0. 0. 0. 0.]
 [0. 0. 0. 0. 0. 0.]
 [0. 0. 0. 0. 0. 0.]]
F_state 20:
[[-1.  0.  0.  0.  0.  0.]
 [ 0. -1.  0.  0.  0.  0.]
 [ 0.  0. -1.  0.  0.  0.]
 [ 0.  0.  0. -1.  0.  0.]
 [ 0.  0.  0.  0. -1.  0.]
 [ 0.  0.  0.  0.  0. -1.]]
F_input20: 
 [[0. 0. 0. 0. 0. 0.]
 [0. 0. 0. 0. 0. 0.]
 [0. 0. 0. 0. 0. 0.]]
F_lamda 21 
: [[0. 0. 0. 0. 0. 0.]
 [0. 0. 0. 0. 0. 0.]
 [0. 0. 0. 0. 0. 0.]
 [0. 0. 0. 0. 0. 0.]
 [0. 0. 0. 0. 0. 0.]
 [0. 0. 0. 0. 0. 0.]]
F_state 21:
[[0. 0. 0. 0. 0. 0.]
 [0. 0. 0. 0. 0. 0.]
 [0. 0. 0. 0. 0. 0.]
 [0. 0. 0. 0. 0. 0.]
 [0. 0. 0. 0. 0. 0.]
 [0. 0. 0. 0. 0. 0.]]
F_input21: 
 [[0. 0. 0. 0. 0. 0.]
 [0. 0. 0. 0. 0. 0.]
 [0. 0. 0. 0. 0. 0.]]
F_lamda 22 
: [[0. 0. 0. 0. 0. 0.]
 [0. 0. 0. 0. 0. 0.]
 [0. 0. 0. 0. 0. 0.]
 [0. 0. 0. 0. 0. 0.]
 [0. 0. 0. 0. 0. 0.]
 [0. 0. 0. 0. 0. 0.]]
F_state 22:
[[0. 0. 0. 0. 0. 0.]
 [0. 0. 0. 0. 0. 0.]
 [0. 0. 0. 0. 0. 0.]
 [0. 0. 0. 0. 0. 0.]
 [0. 0. 0. 0. 0. 0.]
 [0. 0. 0. 0. 0. 0.]]
F_input22: 
 [[0. 0. 0. 0. 0. 0.]
 [0. 0. 0. 0. 0. 0.]
 [0. 0. 0. 0. 0. 0.]]
F_lamda 23 
: [[0. 0. 0. 0. 0. 0.]
 [0. 0. 0. 0. 0. 0.]
 [0. 0. 0. 0. 0. 0.]
 [0. 0. 0. 0. 0. 0.]
 [0. 0. 0. 0. 0. 0.]
 [0. 0. 0. 0. 0. 0.]]
F_state 23:
[[0. 0. 0. 0. 0. 0.]
 [0. 0. 0. 0. 0. 0.]
 [0. 0. 0. 0. 0. 0.]
 [0. 0. 0. 0. 0. 0.]
 [0. 0. 0. 0. 0. 0.]
 [0. 0. 0. 0. 0. 0.]]
F_input23: 
 [[0. 0. 0. 0. 0. 0.]
 [0. 0. 0. 0. 0. 0.]
 [0. 0. 0. 0. 0. 0.]]
soln after inner_prodcut

d 0: [-1.  -2.2  1.6 -1.6  4.2 -1. ]
q 0: [ 1. -1.  2. -2.  3. -3.]
r 0: [ 100.   -0. -100.]
d 1: [-1.5 -1.5 -1.5 -1.5 -1.5 -1.5]
q 1: [ 4.   2.4  0.8 -0.8 -2.4 -4. ]
r 1: [ 200.   -0. -200.]
d 2: [-3. -3. -3. -3. -3. -3.]
q 2: [ 6.   3.6  1.2 -1.2 -3.6 -6. ]
r 2: [ 300.   -0. -300.]
d 3: [-4.5 -4.5 -4.5 -4.5 -4.5 -4.5]
q 3: [ 8.   4.8  1.6 -1.6 -4.8 -8. ]
r 3: [ 400.   -0. -400.]
d 4: [-6. -6. -6. -6. -6. -6.]
q 4: [ 10.   6.   2.  -2.  -6. -10.]
r 4: [ 500.   -0. -500.]
d 5: [-7.5 -7.5 -7.5 -7.5 -7.5 -7.5]
q 5: [ 12.    7.2   2.4  -2.4  -7.2 -12. ]
r 5: [ 600.   -0. -600.]
d 6: [-9. -9. -9. -9. -9. -9.]
q 6: [ 14.    8.4   2.8  -2.8  -8.4 -14. ]
r 6: [ 700.   -0. -700.]
d 7: [-10.5 -10.5 -10.5 -10.5 -10.5 -10.5]
q 7: [ 16.    9.6   3.2  -3.2  -9.6 -16. ]
r 7: [ 0. -0. -0.]
started big loop
L 4
i 0, index 0
i 1, index 0
i 2, index 0
i 3, index 0
i 4, index 2
i 5, index 2
i 6, index 2
i 7, index 2
i 8, index 4
i 9, index 4
i 10, index 4
i 11, index 4
i 12, index 6
i 13, index 6
i 14, index 6
i 15, index 6
started big loop
L 2
i 0, index 1
i 1, index 1
i 2, index 1
i 3, index 1
i 4, index 5
i 5, index 5
i 6, index 5
i 7, index 5
started big loop
L 1
Done with rsLQR, soln:
 
