nhorizon 8
x0 [1.0, -1.0, 2.0, -2.0, 3.0, -3.0]
nhorizon 8
nstates 6
ninputs 3
Inside the kernel

started big loop
L 4
i 0, index 0
i 1, index 0
i 2, index 0
i 3, index 0
i 4, index 2
i 5, index 2
i 6, index 2
i 7, index 2
i 8, index 4
i 9, index 4
i 10, index 4
i 11, index 4
i 12, index 6
i 13, index 6
i 14, index 6
i 15, index 6
started big loop
L 2
i 0, index 1
i 1, index 1
i 2, index 1
i 3, index 1
i 4, index 5
i 5, index 5
i 6, index 5
i 7, index 5
started big loop
L 1
Done with the big loop
after Update Shur
F_lamda 0 
: [[-1.  -0.  -0.  -0.  -0.  -0. ]
 [-0.  -1.  -0.  -0.  -0.  -0. ]
 [-0.  -0.  -1.  -0.  -0.  -0. ]
 [-0.1 -0.  -0.  -1.  -0.  -0. ]
 [-0.  -0.1 -0.  -0.  -1.  -0. ]
 [-0.  -0.  -0.1 -0.  -0.  -1. ]]
F_state 0:
[[0. 0. 0. 0. 0. 0.]
 [0. 0. 0. 0. 0. 0.]
 [0. 0. 0. 0. 0. 0.]
 [0. 0. 0. 0. 0. 0.]
 [0. 0. 0. 0. 0. 0.]
 [0. 0. 0. 0. 0. 0.]]
F_input0: 
 [[ 0.5  0.   0.  10.   0.   0. ]
 [ 0.   0.5  0.   0.  10.   0. ]
 [ 0.   0.   0.5  0.   0.  10. ]]
F_lamda 1 
: [[1.00124922 0.         0.         0.05       0.         0.        ]
 [0.         1.00124922 0.         0.         0.05       0.        ]
 [0.         0.         1.00124922 0.         0.         0.05      ]
 [0.04993762 0.         0.         1.41333161 0.         0.        ]
 [0.         0.04993762 0.         0.         1.41333161 0.        ]
 [0.         0.         0.04993762 0.         0.         1.41333161]]
F_state 1:
[[-1.  0.  0.  0.  0.  0.]
 [ 0. -1.  0.  0.  0.  0.]
 [ 0.  0. -1.  0.  0.  0.]
 [ 0.  0.  0. -1.  0.  0.]
 [ 0.  0.  0.  0. -1.  0.]
 [ 0.  0.  0.  0.  0. -1.]]
F_input1: 
 [[0. 0. 0. 0. 0. 0.]
 [0. 0. 0. 0. 0. 0.]
 [0. 0. 0. 0. 0. 0.]]
F_lamda 2 
: [[0. 0. 0. 0. 0. 0.]
 [0. 0. 0. 0. 0. 0.]
 [0. 0. 0. 0. 0. 0.]
 [0. 0. 0. 0. 0. 0.]
 [0. 0. 0. 0. 0. 0.]
 [0. 0. 0. 0. 0. 0.]]
F_state 2:
[[1.  0.  0.  0.  0.  0. ]
 [0.  1.  0.  0.  0.  0. ]
 [0.  0.  1.  0.  0.  0. ]
 [0.1 0.  0.  1.  0.  0. ]
 [0.  0.1 0.  0.  1.  0. ]
 [0.  0.  0.1 0.  0.  1. ]]
F_input2: 
 [[ 0.5  0.   0.  10.   0.   0. ]
 [ 0.   0.5  0.   0.  10.   0. ]
 [ 0.   0.   0.5  0.   0.  10. ]]
F_lamda 3 
: [[1.41509717 0.         0.         0.15       0.         0.        ]
 [0.         1.41509717 0.         0.         0.15       0.        ]
 [0.         0.         1.41509717 0.         0.         0.15      ]
 [0.10599979 0.         0.         1.73169398 0.         0.        ]
 [0.         0.10599979 0.         0.         1.73169398 0.        ]
 [0.         0.         0.10599979 0.         0.         1.73169398]]
F_state 3:
[[-1.  0.  0.  0.  0.  0.]
 [ 0. -1.  0.  0.  0.  0.]
 [ 0.  0. -1.  0.  0.  0.]
 [ 0.  0.  0. -1.  0.  0.]
 [ 0.  0.  0.  0. -1.  0.]
 [ 0.  0.  0.  0.  0. -1.]]
F_input3: 
 [[0. 0. 0. 0. 0. 0.]
 [0. 0. 0. 0. 0. 0.]
 [0. 0. 0. 0. 0. 0.]]
F_lamda 4 
: [[0. 0. 0. 0. 0. 0.]
 [0. 0. 0. 0. 0. 0.]
 [0. 0. 0. 0. 0. 0.]
 [0. 0. 0. 0. 0. 0.]
 [0. 0. 0. 0. 0. 0.]
 [0. 0. 0. 0. 0. 0.]]
F_state 4:
[[1.  0.  0.  0.  0.  0. ]
 [0.  1.  0.  0.  0.  0. ]
 [0.  0.  1.  0.  0.  0. ]
 [0.1 0.  0.  1.  0.  0. ]
 [0.  0.1 0.  0.  1.  0. ]
 [0.  0.  0.1 0.  0.  1. ]]
F_input4: 
 [[ 0.5  0.   0.  10.   0.   0. ]
 [ 0.   0.5  0.   0.  10.   0. ]
 [ 0.   0.   0.5  0.   0.  10. ]]
F_lamda 5 
: [[1.41509717 0.         0.         0.15       0.         0.        ]
 [0.         1.41509717 0.         0.         0.15       0.        ]
 [0.         0.         1.41509717 0.         0.         0.15      ]
 [0.10599979 0.         0.         1.73169398 0.         0.        ]
 [0.         0.10599979 0.         0.         1.73169398 0.        ]
 [0.         0.         0.10599979 0.         0.         1.73169398]]
F_state 5:
[[-1.  0.  0.  0.  0.  0.]
 [ 0. -1.  0.  0.  0.  0.]
 [ 0.  0. -1.  0.  0.  0.]
 [ 0.  0.  0. -1.  0.  0.]
 [ 0.  0.  0.  0. -1.  0.]
 [ 0.  0.  0.  0.  0. -1.]]
F_input5: 
 [[0. 0. 0. 0. 0. 0.]
 [0. 0. 0. 0. 0. 0.]
 [0. 0. 0. 0. 0. 0.]]
F_lamda 6 
: [[0. 0. 0. 0. 0. 0.]
 [0. 0. 0. 0. 0. 0.]
 [0. 0. 0. 0. 0. 0.]
 [0. 0. 0. 0. 0. 0.]
 [0. 0. 0. 0. 0. 0.]
 [0. 0. 0. 0. 0. 0.]]
F_state 6:
[[1.  0.  0.  0.  0.  0. ]
 [0.  1.  0.  0.  0.  0. ]
 [0.  0.  1.  0.  0.  0. ]
 [0.1 0.  0.  1.  0.  0. ]
 [0.  0.1 0.  0.  1.  0. ]
 [0.  0.  0.1 0.  0.  1. ]]
F_input6: 
 [[ 0.5  0.   0.  10.   0.   0. ]
 [ 0.   0.5  0.   0.  10.   0. ]
 [ 0.   0.   0.5  0.   0.  10. ]]
F_lamda 7 
: [[1.05       0.         0.         0.15       0.         0.        ]
 [0.         1.05       0.         0.         0.15       0.        ]
 [0.         0.         1.05       0.         0.         0.15      ]
 [0.14285714 0.         0.         1.44554206 0.         0.        ]
 [0.         0.14285714 0.         0.         1.44554206 0.        ]
 [0.         0.         0.14285714 0.         0.         1.44554206]]
F_state 7:
[[-0.1  0.   0.   0.   0.   0. ]
 [ 0.  -0.1  0.   0.   0.   0. ]
 [ 0.   0.  -0.1  0.   0.   0. ]
 [ 0.   0.   0.  -0.1  0.   0. ]
 [ 0.   0.   0.   0.  -0.1  0. ]
 [ 0.   0.   0.   0.   0.  -0.1]]
F_input7: 
 [[0. 0. 0. 0. 0. 0.]
 [0. 0. 0. 0. 0. 0.]
 [0. 0. 0. 0. 0. 0.]]
F_lamda 8 
: [[-0.99625468  0.          0.          0.02496879  0.          0.        ]
 [ 0.         -0.99625468  0.          0.          0.02496879  0.        ]
 [ 0.          0.         -0.99625468  0.          0.          0.02496879]
 [-0.1247191   0.          0.         -0.49812734  0.          0.        ]
 [ 0.         -0.1247191   0.          0.         -0.49812734  0.        ]
 [ 0.          0.         -0.1247191   0.          0.         -0.49812734]]
F_state 8:
[[0. 0. 0. 0. 0. 0.]
 [0. 0. 0. 0. 0. 0.]
 [0. 0. 0. 0. 0. 0.]
 [0. 0. 0. 0. 0. 0.]
 [0. 0. 0. 0. 0. 0.]
 [0. 0. 0. 0. 0. 0.]]
F_input8: 
 [[0.74906367 0.         0.         4.9937578  0.         0.        ]
 [0.         0.74906367 0.         0.         4.9937578  0.        ]
 [0.         0.         0.74906367 0.         0.         4.9937578 ]]
F_lamda 9 
: [[-0.99625468  0.          0.          0.02496879  0.          0.        ]
 [ 0.         -0.99625468  0.          0.          0.02496879  0.        ]
 [ 0.          0.         -0.99625468  0.          0.          0.02496879]
 [-0.02509363  0.          0.         -0.50062422  0.          0.        ]
 [ 0.         -0.02509363  0.          0.         -0.50062422  0.        ]
 [ 0.          0.         -0.02509363  0.          0.         -0.50062422]]
F_state 9:
[[0.00374532 0.         0.         0.02496879 0.         0.        ]
 [0.         0.00374532 0.         0.         0.02496879 0.        ]
 [0.         0.         0.00374532 0.         0.         0.02496879]
 [0.07490637 0.         0.         0.49937578 0.         0.        ]
 [0.         0.07490637 0.         0.         0.49937578 0.        ]
 [0.         0.         0.07490637 0.         0.         0.49937578]]
F_input9: 
 [[ 0.5  0.   0.  10.   0.   0. ]
 [ 0.   0.5  0.   0.  10.   0. ]
 [ 0.   0.   0.5  0.   0.  10. ]]
F_lamda 10 
: [[0.71238778 0.         0.         0.14988545 0.         0.        ]
 [0.         0.71238778 0.         0.         0.14988545 0.        ]
 [0.         0.         0.71238778 0.         0.         0.14988545]
 [0.02400439 0.         0.         1.47489572 0.         0.        ]
 [0.         0.02400439 0.         0.         1.47489572 0.        ]
 [0.         0.         0.02400439 0.         0.         1.47489572]]
F_state 10:
[[-0.50125104  0.          0.         -0.02497908  0.          0.        ]
 [ 0.         -0.50125104  0.          0.         -0.02497908  0.        ]
 [ 0.          0.         -0.50125104  0.          0.         -0.02497908]
 [ 0.05824289  0.          0.         -0.66902719  0.          0.        ]
 [ 0.          0.05824289  0.          0.         -0.66902719  0.        ]
 [ 0.          0.          0.05824289  0.          0.         -0.66902719]]
F_input10: 
 [[0.3330544  0.         0.         3.32221764 0.         0.        ]
 [0.         0.3330544  0.         0.         3.32221764 0.        ]
 [0.         0.         0.3330544  0.         0.         3.32221764]]
F_lamda 11 
: [[-0.49874896  0.          0.          0.02497908  0.          0.        ]
 [ 0.         -0.49874896  0.          0.          0.02497908  0.        ]
 [ 0.          0.         -0.49874896  0.          0.          0.02497908]
 [-0.00836799  0.          0.         -0.33347072  0.          0.        ]
 [ 0.         -0.00836799  0.          0.         -0.33347072  0.        ]
 [ 0.          0.         -0.00836799  0.          0.         -0.33347072]]
F_state 11:
[[-0.49874896  0.          0.          0.02497908  0.          0.        ]
 [ 0.         -0.49874896  0.          0.          0.02497908  0.        ]
 [ 0.          0.         -0.49874896  0.          0.          0.02497908]
 [-0.00836799  0.          0.         -0.33347072  0.          0.        ]
 [ 0.         -0.00836799  0.          0.         -0.33347072  0.        ]
 [ 0.          0.         -0.00836799  0.          0.         -0.33347072]]
F_input11: 
 [[0. 0. 0. 0. 0. 0.]
 [0. 0. 0. 0. 0. 0.]
 [0. 0. 0. 0. 0. 0.]]
F_lamda 12 
: [[0. 0. 0. 0. 0. 0.]
 [0. 0. 0. 0. 0. 0.]
 [0. 0. 0. 0. 0. 0.]
 [0. 0. 0. 0. 0. 0.]
 [0. 0. 0. 0. 0. 0.]
 [0. 0. 0. 0. 0. 0.]]
F_state 12:
[[ 0.49874896  0.          0.         -0.02497908  0.          0.        ]
 [ 0.          0.49874896  0.          0.         -0.02497908  0.        ]
 [ 0.          0.          0.49874896  0.          0.         -0.02497908]
 [ 0.05824289  0.          0.          0.33097281  0.          0.        ]
 [ 0.          0.05824289  0.          0.          0.33097281  0.        ]
 [ 0.          0.          0.05824289  0.          0.          0.33097281]]
F_input12: 
 [[0.3330544  0.         0.         3.32221764 0.         0.        ]
 [0.         0.3330544  0.         0.         3.32221764 0.        ]
 [0.         0.         0.3330544  0.         0.         3.32221764]]
F_lamda 13 
: [[-0.49874896  0.          0.          0.02497908  0.          0.        ]
 [ 0.         -0.49874896  0.          0.          0.02497908  0.        ]
 [ 0.          0.         -0.49874896  0.          0.          0.02497908]
 [-0.00836799  0.          0.         -0.33347072  0.          0.        ]
 [ 0.         -0.00836799  0.          0.         -0.33347072  0.        ]
 [ 0.          0.         -0.00836799  0.          0.         -0.33347072]]
F_state 13:
[[0.50125104 0.         0.         0.02497908 0.         0.        ]
 [0.         0.50125104 0.         0.         0.02497908 0.        ]
 [0.         0.         0.50125104 0.         0.         0.02497908]
 [0.09163201 0.         0.         0.66652928 0.         0.        ]
 [0.         0.09163201 0.         0.         0.66652928 0.        ]
 [0.         0.         0.09163201 0.         0.         0.66652928]]
F_input13: 
 [[ 0.5  0.   0.  10.   0.   0. ]
 [ 0.   0.5  0.   0.  10.   0. ]
 [ 0.   0.   0.5  0.   0.  10. ]]
F_lamda 14 
: [[0.77095657 0.         0.         0.20674253 0.         0.        ]
 [0.         0.77095657 0.         0.         0.20674253 0.        ]
 [0.         0.         0.77095657 0.         0.         0.20674253]
 [0.06669737 0.         0.         1.48296751 0.         0.        ]
 [0.         0.06669737 0.         0.         1.48296751 0.        ]
 [0.         0.         0.06669737 0.         0.         1.48296751]]
F_state 14:
[[-0.090623    0.          0.         -0.06511053  0.          0.        ]
 [ 0.         -0.090623    0.          0.         -0.06511053  0.        ]
 [ 0.          0.         -0.090623    0.          0.         -0.06511053]
 [ 0.07368341  0.          0.         -0.52794869  0.          0.        ]
 [ 0.          0.07368341  0.          0.         -0.52794869  0.        ]
 [ 0.          0.          0.07368341  0.          0.         -0.52794869]]
F_input14: 
 [[0.28214561 0.         0.         4.75306833 0.         0.        ]
 [0.         0.28214561 0.         0.         4.75306833 0.        ]
 [0.         0.         0.28214561 0.         0.         4.75306833]]
F_lamda 15 
: [[-0.909377    0.          0.          0.06511053  0.          0.        ]
 [ 0.         -0.909377    0.          0.          0.06511053  0.        ]
 [ 0.          0.         -0.909377    0.          0.          0.06511053]
 [ 0.01725429  0.          0.         -0.47856236  0.          0.        ]
 [ 0.          0.01725429  0.          0.         -0.47856236  0.        ]
 [ 0.          0.          0.01725429  0.          0.         -0.47856236]]
F_state 15:
[[-0.0909377   0.          0.          0.00651105  0.          0.        ]
 [ 0.         -0.0909377   0.          0.          0.00651105  0.        ]
 [ 0.          0.         -0.0909377   0.          0.          0.00651105]
 [ 0.00172543  0.          0.         -0.04785624  0.          0.        ]
 [ 0.          0.00172543  0.          0.         -0.04785624  0.        ]
 [ 0.          0.          0.00172543  0.          0.         -0.04785624]]
F_input15: 
 [[0. 0. 0. 0. 0. 0.]
 [0. 0. 0. 0. 0. 0.]
 [0. 0. 0. 0. 0. 0.]]
F_lamda 16 
: [[-0.97796779  0.          0.          0.05796507  0.          0.        ]
 [ 0.         -0.97796779  0.          0.          0.05796507  0.        ]
 [ 0.          0.         -0.97796779  0.          0.          0.05796507]
 [-0.13197808  0.          0.         -0.06920268  0.          0.        ]
 [ 0.         -0.13197808  0.          0.         -0.06920268  0.        ]
 [ 0.          0.         -0.13197808  0.          0.         -0.06920268]]
F_state 16:
[[0. 0. 0. 0. 0. 0.]
 [0. 0. 0. 0. 0. 0.]
 [0. 0. 0. 0. 0. 0.]
 [0. 0. 0. 0. 0. 0.]
 [0. 0. 0. 0. 0. 0.]
 [0. 0. 0. 0. 0. 0.]]
F_input16: 
 [[0.83079688 0.         0.         0.72100937 0.         0.        ]
 [0.         0.83079688 0.         0.         0.72100937 0.        ]
 [0.         0.         0.83079688 0.         0.         0.72100937]]
F_lamda 17 
: [[-0.97796779  0.          0.          0.05796507  0.          0.        ]
 [ 0.         -0.97796779  0.          0.          0.05796507  0.        ]
 [ 0.          0.         -0.97796779  0.          0.          0.05796507]
 [-0.0341813   0.          0.         -0.07499919  0.          0.        ]
 [ 0.         -0.0341813   0.          0.         -0.07499919  0.        ]
 [ 0.          0.         -0.0341813   0.          0.         -0.07499919]]
F_state 17:
[[0.00415398 0.         0.         0.00360505 0.         0.        ]
 [0.         0.00415398 0.         0.         0.00360505 0.        ]
 [0.         0.         0.00415398 0.         0.         0.00360505]
 [0.08307969 0.         0.         0.07210094 0.         0.        ]
 [0.         0.08307969 0.         0.         0.07210094 0.        ]
 [0.         0.         0.08307969 0.         0.         0.07210094]]
F_input17: 
 [[0.68154898 0.         0.         1.49818129 0.         0.        ]
 [0.         0.68154898 0.         0.         1.49818129 0.        ]
 [0.         0.         0.68154898 0.         0.         1.49818129]]
F_lamda 18 
: [[-0.98212178  0.          0.          0.05436002  0.          0.        ]
 [ 0.         -0.98212178  0.          0.          0.05436002  0.        ]
 [ 0.          0.         -0.98212178  0.          0.          0.05436002]
 [-0.01904881  0.          0.         -0.15253613  0.          0.        ]
 [ 0.         -0.01904881  0.          0.         -0.15253613  0.        ]
 [ 0.          0.         -0.01904881  0.          0.         -0.15253613]]
F_state 18:
[[ 0.00598358  0.          0.         -0.00154127  0.          0.        ]
 [ 0.          0.00598358  0.          0.         -0.00154127  0.        ]
 [ 0.          0.          0.00598358  0.          0.         -0.00154127]
 [ 0.10270033  0.          0.          0.22575591  0.          0.        ]
 [ 0.          0.10270033  0.          0.          0.22575591  0.        ]
 [ 0.          0.          0.10270033  0.          0.          0.22575591]]
F_input18: 
 [[0.72343867 0.         0.         3.81087102 0.         0.        ]
 [0.         0.72343867 0.         0.         3.81087102 0.        ]
 [0.         0.         0.72343867 0.         0.         3.81087102]]
F_lamda 19 
: [[-0.98810536  0.          0.          0.0559013   0.          0.        ]
 [ 0.         -0.98810536  0.          0.          0.0559013   0.        ]
 [ 0.          0.         -0.98810536  0.          0.          0.0559013 ]
 [-0.0229386   0.          0.         -0.38388217  0.          0.        ]
 [ 0.         -0.0229386   0.          0.         -0.38388217  0.        ]
 [ 0.          0.         -0.0229386   0.          0.         -0.38388217]]
F_state 19:
[[0.01189464 0.         0.         0.0559013  0.         0.        ]
 [0.         0.01189464 0.         0.         0.0559013  0.        ]
 [0.         0.         0.01189464 0.         0.         0.0559013 ]
 [0.0770614  0.         0.         0.61611783 0.         0.        ]
 [0.         0.0770614  0.         0.         0.61611783 0.        ]
 [0.         0.         0.0770614  0.         0.         0.61611783]]
F_input19: 
 [[ 0.5  0.   0.  10.   0.   0. ]
 [ 0.   0.5  0.   0.  10.   0. ]
 [ 0.   0.   0.5  0.   0.  10. ]]
F_lamda 20 
: [[0.31076011 0.         0.         0.15535259 0.         0.        ]
 [0.         0.31076011 0.         0.         0.15535259 0.        ]
 [0.         0.         0.31076011 0.         0.         0.15535259]
 [0.00862531 0.         0.         1.4975038  0.         0.        ]
 [0.         0.00862531 0.         0.         1.4975038  0.        ]
 [0.         0.         0.00862531 0.         0.         1.4975038 ]]
F_state 20:
[[-0.08217721  0.          0.         -0.02829119  0.          0.        ]
 [ 0.         -0.08217721  0.          0.         -0.02829119  0.        ]
 [ 0.          0.         -0.08217721  0.          0.         -0.02829119]
 [ 0.10441036  0.          0.         -0.61876804  0.          0.        ]
 [ 0.          0.10441036  0.          0.         -0.61876804  0.        ]
 [ 0.          0.          0.10441036  0.          0.         -0.61876804]]
F_input20: 
 [[0.58519219 0.         0.         3.8264652  0.         0.        ]
 [0.         0.58519219 0.         0.         3.8264652  0.        ]
 [0.         0.         0.58519219 0.         0.         3.8264652 ]]
F_lamda 21 
: [[-0.91782279  0.          0.          0.02829119  0.          0.        ]
 [ 0.         -0.91782279  0.          0.          0.02829119  0.        ]
 [ 0.          0.         -0.91782279  0.          0.          0.02829119]
 [-0.01262808  0.          0.         -0.38406108  0.          0.        ]
 [ 0.         -0.01262808  0.          0.         -0.38406108  0.        ]
 [ 0.          0.         -0.01262808  0.          0.         -0.38406108]]
F_state 21:
[[-0.07798844  0.          0.          0.02924724  0.          0.        ]
 [ 0.         -0.07798844  0.          0.          0.02924724  0.        ]
 [ 0.          0.         -0.07798844  0.          0.          0.02924724]
 [ 0.06305586  0.          0.         -0.23228091  0.          0.        ]
 [ 0.          0.06305586  0.          0.         -0.23228091  0.        ]
 [ 0.          0.          0.06305586  0.          0.         -0.23228091]]
F_input21: 
 [[0.3369222  0.         0.         1.51732369 0.         0.        ]
 [0.         0.3369222  0.         0.         1.51732369 0.        ]
 [0.         0.         0.3369222  0.         0.         1.51732369]]
F_lamda 22 
: [[-0.83983435  0.          0.         -0.00095605  0.          0.        ]
 [ 0.         -0.83983435  0.          0.         -0.00095605  0.        ]
 [ 0.          0.         -0.83983435  0.          0.         -0.00095605]
 [ 0.0082995   0.          0.         -0.15168457  0.          0.        ]
 [ 0.          0.0082995   0.          0.         -0.15168457  0.        ]
 [ 0.          0.          0.0082995   0.          0.         -0.15168457]]
F_state 22:
[[-0.07556792  0.          0.         -0.0099629   0.          0.        ]
 [ 0.         -0.07556792  0.          0.         -0.0099629   0.        ]
 [ 0.          0.         -0.07556792  0.          0.         -0.0099629 ]
 [ 0.06626357  0.          0.         -0.08001122  0.          0.        ]
 [ 0.          0.06626357  0.          0.         -0.08001122  0.        ]
 [ 0.          0.          0.06626357  0.          0.         -0.08001122]]
F_input22: 
 [[0.19750749 0.         0.         0.72123686 0.         0.        ]
 [0.         0.19750749 0.         0.         0.72123686 0.        ]
 [0.         0.         0.19750749 0.         0.         0.72123686]]
F_lamda 23 
: [[-0.76426643  0.          0.          0.00900685  0.          0.        ]
 [ 0.         -0.76426643  0.          0.          0.00900685  0.        ]
 [ 0.          0.         -0.76426643  0.          0.          0.00900685]
 [ 0.01846257  0.          0.         -0.07257403  0.          0.        ]
 [ 0.          0.01846257  0.          0.         -0.07257403  0.        ]
 [ 0.          0.          0.01846257  0.          0.         -0.07257403]]
F_state 23:
[[-0.07642664  0.          0.          0.00090068  0.          0.        ]
 [ 0.         -0.07642664  0.          0.          0.00090068  0.        ]
 [ 0.          0.         -0.07642664  0.          0.          0.00090068]
 [ 0.00184626  0.          0.         -0.0072574   0.          0.        ]
 [ 0.          0.00184626  0.          0.         -0.0072574   0.        ]
 [ 0.          0.          0.00184626  0.          0.         -0.0072574 ]]
F_input23: 
 [[0. 0. 0. 0. 0. 0.]
 [0. 0. 0. 0. 0. 0.]
 [0. 0. 0. 0. 0. 0.]]
soln after inner_prodcut

d 0: [-1.  -2.2  1.6 -1.6  4.2 -1. ]
q 0: [ 1. -1.  2. -2.  3. -3.]
r 0: [ 100.   -0. -100.]
d 1: [-1.5 -1.5 -1.5 -1.5 -1.5 -1.5]
q 1: [ 4.   2.4  0.8 -0.8 -2.4 -4. ]
r 1: [ 200.   -0. -200.]
d 2: [-3. -3. -3. -3. -3. -3.]
q 2: [ 6.   3.6  1.2 -1.2 -3.6 -6. ]
r 2: [ 300.   -0. -300.]
d 3: [-4.5 -4.5 -4.5 -4.5 -4.5 -4.5]
q 3: [ 8.   4.8  1.6 -1.6 -4.8 -8. ]
r 3: [ 400.   -0. -400.]
d 4: [-6. -6. -6. -6. -6. -6.]
q 4: [ 10.   6.   2.  -2.  -6. -10.]
r 4: [ 500.   -0. -500.]
d 5: [-7.5 -7.5 -7.5 -7.5 -7.5 -7.5]
q 5: [ 12.    7.2   2.4  -2.4  -7.2 -12. ]
r 5: [ 600.   -0. -600.]
d 6: [-9. -9. -9. -9. -9. -9.]
q 6: [ 14.    8.4   2.8  -2.8  -8.4 -14. ]
r 6: [ 700.   -0. -700.]
d 7: [-10.5 -10.5 -10.5 -10.5 -10.5 -10.5]
q 7: [ 16.    9.6   3.2  -3.2  -9.6 -16. ]
r 7: [ 0. -0. -0.]
Done with rsLQR, soln:
 
