Run Test
201703
CSV file has been read successfully.
Printing B, 3780.005 

0 

0 

0 

0.005 

0 

shared_mem: 12620
Launching blocks 1 launching threads1shared memory12620
Max threads per block: 1024
Max blocks per multiprocessor: 24
Max shared memory per block: 49152
Multiprocessor count: 24
Max blocks for cooperative kernel launch: 168
Check init
B 0 0.005000
 B_3 0.000000A 0
1.000000  0.000000  0.000000  0.000000  0.000000  0.000000  
0.000000  1.000000  0.000000  0.000000  0.000000  0.000000  
0.000000  0.000000  1.000000  0.000000  0.000000  0.000000  
0.100000  0.000000  0.000000  1.000000  0.000000  0.000000  
0.000000  0.100000  0.000000  0.000000  1.000000  0.000000  
0.000000  0.000000  0.100000  0.000000  0.000000  1.000000  
B 0
0.005000  0.000000  0.000000  0.100000  0.000000  0.000000  
0.000000  0.005000  0.000000  0.000000  0.100000  0.000000  
0.000000  0.000000  0.005000  0.000000  0.000000  0.100000  
A 1
1.000000  0.000000  0.000000  0.000000  0.000000  0.000000  
0.000000  1.000000  0.000000  0.000000  0.000000  0.000000  
0.000000  0.000000  1.000000  0.000000  0.000000  0.000000  
0.100000  0.000000  0.000000  1.000000  0.000000  0.000000  
0.000000  0.100000  0.000000  0.000000  1.000000  0.000000  
0.000000  0.000000  0.100000  0.000000  0.000000  1.000000  
B 1
0.005000  0.000000  0.000000  0.100000  0.000000  0.000000  
0.000000  0.005000  0.000000  0.000000  0.100000  0.000000  
0.000000  0.000000  0.005000  0.000000  0.000000  0.100000  
A 2
1.000000  0.000000  0.000000  0.000000  0.000000  0.000000  
0.000000  1.000000  0.000000  0.000000  0.000000  0.000000  
0.000000  0.000000  1.000000  0.000000  0.000000  0.000000  
0.100000  0.000000  0.000000  1.000000  0.000000  0.000000  
0.000000  0.100000  0.000000  0.000000  1.000000  0.000000  
0.000000  0.000000  0.100000  0.000000  0.000000  1.000000  
B 2
0.005000  0.000000  0.000000  0.100000  0.000000  0.000000  
0.000000  0.005000  0.000000  0.000000  0.100000  0.000000  
0.000000  0.000000  0.005000  0.000000  0.000000  0.100000  
A 3
1.000000  0.000000  0.000000  0.000000  0.000000  0.000000  
0.000000  1.000000  0.000000  0.000000  0.000000  0.000000  
0.000000  0.000000  1.000000  0.000000  0.000000  0.000000  
0.100000  0.000000  0.000000  1.000000  0.000000  0.000000  
0.000000  0.100000  0.000000  0.000000  1.000000  0.000000  
0.000000  0.000000  0.100000  0.000000  0.000000  1.000000  
B 3
0.005000  0.000000  0.000000  0.100000  0.000000  0.000000  
0.000000  0.005000  0.000000  0.000000  0.100000  0.000000  
0.000000  0.000000  0.005000  0.000000  0.000000  0.100000  
A 4
1.000000  0.000000  0.000000  0.000000  0.000000  0.000000  
0.000000  1.000000  0.000000  0.000000  0.000000  0.000000  
0.000000  0.000000  1.000000  0.000000  0.000000  0.000000  
0.100000  0.000000  0.000000  1.000000  0.000000  0.000000  
0.000000  0.100000  0.000000  0.000000  1.000000  0.000000  
0.000000  0.000000  0.100000  0.000000  0.000000  1.000000  
B 4
0.005000  0.000000  0.000000  0.100000  0.000000  0.000000  
0.000000  0.005000  0.000000  0.000000  0.100000  0.000000  
0.000000  0.000000  0.005000  0.000000  0.000000  0.100000  
A 5
1.000000  0.000000  0.000000  0.000000  0.000000  0.000000  
0.000000  1.000000  0.000000  0.000000  0.000000  0.000000  
0.000000  0.000000  1.000000  0.000000  0.000000  0.000000  
0.100000  0.000000  0.000000  1.000000  0.000000  0.000000  
0.000000  0.100000  0.000000  0.000000  1.000000  0.000000  
0.000000  0.000000  0.100000  0.000000  0.000000  1.000000  
B 5
0.005000  0.000000  0.000000  0.100000  0.000000  0.000000  
0.000000  0.005000  0.000000  0.000000  0.100000  0.000000  
0.000000  0.000000  0.005000  0.000000  0.000000  0.100000  
A 6
1.000000  0.000000  0.000000  0.000000  0.000000  0.000000  
0.000000  1.000000  0.000000  0.000000  0.000000  0.000000  
0.000000  0.000000  1.000000  0.000000  0.000000  0.000000  
0.100000  0.000000  0.000000  1.000000  0.000000  0.000000  
0.000000  0.100000  0.000000  0.000000  1.000000  0.000000  
0.000000  0.000000  0.100000  0.000000  0.000000  1.000000  
B 6
0.005000  0.000000  0.000000  0.100000  0.000000  0.000000  
0.000000  0.005000  0.000000  0.000000  0.100000  0.000000  
0.000000  0.000000  0.005000  0.000000  0.000000  0.100000  
Q 0
1.000000  0.000000  0.000000  0.000000  0.000000  0.000000  
0.000000  1.000000  0.000000  0.000000  0.000000  0.000000  
0.000000  0.000000  1.000000  0.000000  0.000000  0.000000  
0.000000  0.000000  0.000000  1.000000  0.000000  0.000000  
0.000000  0.000000  0.000000  0.000000  1.000000  0.000000  
0.000000  0.000000  0.000000  0.000000  0.000000  1.000000  
R 0
0.010000  0.000000  0.000000  
0.000000  0.010000  0.000000  
0.000000  0.000000  0.010000  
Q 1
1.000000  0.000000  0.000000  0.000000  0.000000  0.000000  
0.000000  1.000000  0.000000  0.000000  0.000000  0.000000  
0.000000  0.000000  1.000000  0.000000  0.000000  0.000000  
0.000000  0.000000  0.000000  1.000000  0.000000  0.000000  
0.000000  0.000000  0.000000  0.000000  1.000000  0.000000  
0.000000  0.000000  0.000000  0.000000  0.000000  1.000000  
R 1
0.010000  0.000000  0.000000  
0.000000  0.010000  0.000000  
0.000000  0.000000  0.010000  
Q 2
1.000000  0.000000  0.000000  0.000000  0.000000  0.000000  
0.000000  1.000000  0.000000  0.000000  0.000000  0.000000  
0.000000  0.000000  1.000000  0.000000  0.000000  0.000000  
0.000000  0.000000  0.000000  1.000000  0.000000  0.000000  
0.000000  0.000000  0.000000  0.000000  1.000000  0.000000  
0.000000  0.000000  0.000000  0.000000  0.000000  1.000000  
R 2
0.010000  0.000000  0.000000  
0.000000  0.010000  0.000000  
0.000000  0.000000  0.010000  
Q 3
1.000000  0.000000  0.000000  0.000000  0.000000  0.000000  
0.000000  1.000000  0.000000  0.000000  0.000000  0.000000  
0.000000  0.000000  1.000000  0.000000  0.000000  0.000000  
0.000000  0.000000  0.000000  1.000000  0.000000  0.000000  
0.000000  0.000000  0.000000  0.000000  1.000000  0.000000  
0.000000  0.000000  0.000000  0.000000  0.000000  1.000000  
R 3
0.010000  0.000000  0.000000  
0.000000  0.010000  0.000000  
0.000000  0.000000  0.010000  
Q 4
1.000000  0.000000  0.000000  0.000000  0.000000  0.000000  
0.000000  1.000000  0.000000  0.000000  0.000000  0.000000  
0.000000  0.000000  1.000000  0.000000  0.000000  0.000000  
0.000000  0.000000  0.000000  1.000000  0.000000  0.000000  
0.000000  0.000000  0.000000  0.000000  1.000000  0.000000  
0.000000  0.000000  0.000000  0.000000  0.000000  1.000000  
R 4
0.010000  0.000000  0.000000  
0.000000  0.010000  0.000000  
0.000000  0.000000  0.010000  
Q 5
1.000000  0.000000  0.000000  0.000000  0.000000  0.000000  
0.000000  1.000000  0.000000  0.000000  0.000000  0.000000  
0.000000  0.000000  1.000000  0.000000  0.000000  0.000000  
0.000000  0.000000  0.000000  1.000000  0.000000  0.000000  
0.000000  0.000000  0.000000  0.000000  1.000000  0.000000  
0.000000  0.000000  0.000000  0.000000  0.000000  1.000000  
R 5
0.010000  0.000000  0.000000  
0.000000  0.010000  0.000000  
0.000000  0.000000  0.010000  
Q 6
1.000000  0.000000  0.000000  0.000000  0.000000  0.000000  
0.000000  1.000000  0.000000  0.000000  0.000000  0.000000  
0.000000  0.000000  1.000000  0.000000  0.000000  0.000000  
0.000000  0.000000  0.000000  1.000000  0.000000  0.000000  
0.000000  0.000000  0.000000  0.000000  1.000000  0.000000  
0.000000  0.000000  0.000000  0.000000  0.000000  1.000000  
R 6
0.010000  0.000000  0.000000  
0.000000  0.010000  0.000000  
0.000000  0.000000  0.010000  
Q 7
10.000000  0.000000  0.000000  0.000000  0.000000  0.000000  
0.000000  10.000000  0.000000  0.000000  0.000000  0.000000  
0.000000  0.000000  10.000000  0.000000  0.000000  0.000000  
0.000000  0.000000  0.000000  10.000000  0.000000  0.000000  
0.000000  0.000000  0.000000  0.000000  10.000000  0.000000  
0.000000  0.000000  0.000000  0.000000  0.000000  10.000000  

d0: 
-1.000000  
1.000000  
-2.000000  
2.000000  
-3.000000  
3.000000  

q0: 
2.000000  
1.200000  
0.400000  
-0.400000  
-1.200000  
-2.000000  

r0: 
1.000000  
-0.000000  
-1.000000  

d1: 
-1.500000  
-1.500000  
-1.500000  
-1.500000  
-1.500000  
-1.500000  

q1: 
4.000000  
2.400000  
0.800000  
-0.800000  
-2.400000  
-4.000000  

r1: 
2.000000  
-0.000000  
-2.000000  

d2: 
-3.000000  
-3.000000  
-3.000000  
-3.000000  
-3.000000  
-3.000000  

q2: 
6.000000  
3.600000  
1.200000  
-1.200000  
-3.600000  
-6.000000  

r2: 
3.000000  
-0.000000  
-3.000000  

d3: 
-4.500000  
-4.500000  
-4.500000  
-4.500000  
-4.500000  
-4.500000  

q3: 
8.000000  
4.800000  
1.600000  
-1.600000  
-4.800000  
-8.000000  

r3: 
4.000000  
-0.000000  
-4.000000  

d4: 
-6.000000  
-6.000000  
-6.000000  
-6.000000  
-6.000000  
-6.000000  

q4: 
10.000000  
6.000000  
2.000000  
-2.000000  
-6.000000  
-10.000000  

r4: 
5.000000  
-0.000000  
-5.000000  

d5: 
-7.500000  
-7.500000  
-7.500000  
-7.500000  
-7.500000  
-7.500000  

q5: 
12.000000  
7.200000  
2.400000  
-2.400000  
-7.200000  
-12.000000  

r5: 
6.000000  
-0.000000  
-6.000000  

d6: 
-9.000000  
-9.000000  
-9.000000  
-9.000000  
-9.000000  
-9.000000  

q6: 
14.000000  
8.400000  
2.800000  
-2.800000  
-8.400000  
-14.000000  

r6: 
7.000000  
-0.000000  
-7.000000  

d7: 
-10.500000  
-10.500000  
-10.500000  
-10.500000  
-10.500000  
-10.500000  

q7: 
160.000000  
96.000000  
32.000000  
-32.000000  
-96.000000  
-160.000000  
done with cuda!

Solve Time:  81.7 ms 
PASSED!
size 117
118.504715  172.846069  273.529419  29.888535  30.091047  16.847630  1.000000  -1.000000  2.000000  -2.000000  3.000000  -3.000000  -155.132965  -171.387451  -142.511566  119.504715  175.046066  271.929413  19.538063  8.386442  -9.345310  1.524335  -0.056937  2.487442  -16.013302  -12.638747  -15.751163  -86.523453  -97.500381  -88.937508  121.980377  177.502991  270.241943  22.553326  0.874889  -24.618347  2.490380  1.191676  3.467624  -21.665646  -19.388786  -21.644911  -67.444733  -76.681068  -76.278442  125.489998  179.911316  267.974335  30.469975  -1.327458  -35.770874  4.486611  3.369420  5.421783  -23.910122  -22.556892  -24.772764  -63.299225  -73.623398  -77.942627  129.003387  181.341904  264.152557  39.879753  -1.704755  -45.413364  7.779104  6.745615  8.554794  -24.240044  -23.919233  -26.567032  -55.585770  -71.846634  -82.737778  131.224289  180.596283  257.597778  48.997368  -1.845150  -54.606110  12.577181  11.494475  12.984426  -22.298615  -23.603899  -27.340820  -23.636238  -57.436577  -83.840408  130.647110  176.301819  247.013336  55.831268  -3.071433  -63.966625  19.229147  17.846912  18.831158  -15.662235  -20.347557  -26.724857  75.773895  -5.333771  -72.091202  125.417953  166.854889  230.982178  56.151711  -7.809368  -74.339981  28.541796  26.285488  26.298218  2.415171  -10.380936  -23.433998  
