Run Test
201703
Printing B, 0.00000000.005 

10 

20 

30.1 

40 

50 

shared_mem: 12620
Launching blocks 1 launching threads1shared memory12620
Max threads per block: 1024
Max blocks per multiprocessor: 24
Max shared memory per block: 49152
Multiprocessor count: 24
Max blocks for cooperative kernel launch: 168
Check init
B 0 0.005000
 B_3 0.100000A 0
1.000000  0.000000  0.000000  0.100000  0.000000  0.000000  
0.000000  1.000000  0.000000  0.000000  0.100000  0.000000  
0.000000  0.000000  1.000000  0.000000  0.000000  0.100000  
0.000000  0.000000  0.000000  1.000000  0.000000  0.000000  
0.000000  0.000000  0.000000  0.000000  1.000000  0.000000  
0.000000  0.000000  0.000000  0.000000  0.000000  1.000000  
B 0
0.005000  0.000000  0.000000  
0.000000  0.005000  0.000000  
0.000000  0.000000  0.005000  
0.100000  0.000000  0.000000  
0.000000  0.100000  0.000000  
0.000000  0.000000  0.100000  
A 1
1.000000  0.000000  0.000000  0.100000  0.000000  0.000000  
0.000000  1.000000  0.000000  0.000000  0.100000  0.000000  
0.000000  0.000000  1.000000  0.000000  0.000000  0.100000  
0.000000  0.000000  0.000000  1.000000  0.000000  0.000000  
0.000000  0.000000  0.000000  0.000000  1.000000  0.000000  
0.000000  0.000000  0.000000  0.000000  0.000000  1.000000  
B 1
0.005000  0.000000  0.000000  
0.000000  0.005000  0.000000  
0.000000  0.000000  0.005000  
0.100000  0.000000  0.000000  
0.000000  0.100000  0.000000  
0.000000  0.000000  0.100000  
A 2
1.000000  0.000000  0.000000  0.100000  0.000000  0.000000  
0.000000  1.000000  0.000000  0.000000  0.100000  0.000000  
0.000000  0.000000  1.000000  0.000000  0.000000  0.100000  
0.000000  0.000000  0.000000  1.000000  0.000000  0.000000  
0.000000  0.000000  0.000000  0.000000  1.000000  0.000000  
0.000000  0.000000  0.000000  0.000000  0.000000  1.000000  
B 2
0.005000  0.000000  0.000000  
0.000000  0.005000  0.000000  
0.000000  0.000000  0.005000  
0.100000  0.000000  0.000000  
0.000000  0.100000  0.000000  
0.000000  0.000000  0.100000  
A 3
1.000000  0.000000  0.000000  0.100000  0.000000  0.000000  
0.000000  1.000000  0.000000  0.000000  0.100000  0.000000  
0.000000  0.000000  1.000000  0.000000  0.000000  0.100000  
0.000000  0.000000  0.000000  1.000000  0.000000  0.000000  
0.000000  0.000000  0.000000  0.000000  1.000000  0.000000  
0.000000  0.000000  0.000000  0.000000  0.000000  1.000000  
B 3
0.005000  0.000000  0.000000  
0.000000  0.005000  0.000000  
0.000000  0.000000  0.005000  
0.100000  0.000000  0.000000  
0.000000  0.100000  0.000000  
0.000000  0.000000  0.100000  
A 4
1.000000  0.000000  0.000000  0.100000  0.000000  0.000000  
0.000000  1.000000  0.000000  0.000000  0.100000  0.000000  
0.000000  0.000000  1.000000  0.000000  0.000000  0.100000  
0.000000  0.000000  0.000000  1.000000  0.000000  0.000000  
0.000000  0.000000  0.000000  0.000000  1.000000  0.000000  
0.000000  0.000000  0.000000  0.000000  0.000000  1.000000  
B 4
0.005000  0.000000  0.000000  
0.000000  0.005000  0.000000  
0.000000  0.000000  0.005000  
0.100000  0.000000  0.000000  
0.000000  0.100000  0.000000  
0.000000  0.000000  0.100000  
A 5
1.000000  0.000000  0.000000  0.100000  0.000000  0.000000  
0.000000  1.000000  0.000000  0.000000  0.100000  0.000000  
0.000000  0.000000  1.000000  0.000000  0.000000  0.100000  
0.000000  0.000000  0.000000  1.000000  0.000000  0.000000  
0.000000  0.000000  0.000000  0.000000  1.000000  0.000000  
0.000000  0.000000  0.000000  0.000000  0.000000  1.000000  
B 5
0.005000  0.000000  0.000000  
0.000000  0.005000  0.000000  
0.000000  0.000000  0.005000  
0.100000  0.000000  0.000000  
0.000000  0.100000  0.000000  
0.000000  0.000000  0.100000  
A 6
1.000000  0.000000  0.000000  0.100000  0.000000  0.000000  
0.000000  1.000000  0.000000  0.000000  0.100000  0.000000  
0.000000  0.000000  1.000000  0.000000  0.000000  0.100000  
0.000000  0.000000  0.000000  1.000000  0.000000  0.000000  
0.000000  0.000000  0.000000  0.000000  1.000000  0.000000  
0.000000  0.000000  0.000000  0.000000  0.000000  1.000000  
B 6
0.005000  0.000000  0.000000  
0.000000  0.005000  0.000000  
0.000000  0.000000  0.005000  
0.100000  0.000000  0.000000  
0.000000  0.100000  0.000000  
0.000000  0.000000  0.100000  
Q 0
1.000000  0.000000  0.000000  0.000000  0.000000  0.000000  
0.000000  1.000000  0.000000  0.000000  0.000000  0.000000  
0.000000  0.000000  1.000000  0.000000  0.000000  0.000000  
0.000000  0.000000  0.000000  1.000000  0.000000  0.000000  
0.000000  0.000000  0.000000  0.000000  1.000000  0.000000  
0.000000  0.000000  0.000000  0.000000  0.000000  1.000000  
R 0
0.010000  0.000000  0.000000  
0.000000  0.010000  0.000000  
0.000000  0.000000  0.010000  
Q 1
1.000000  0.000000  0.000000  0.000000  0.000000  0.000000  
0.000000  1.000000  0.000000  0.000000  0.000000  0.000000  
0.000000  0.000000  1.000000  0.000000  0.000000  0.000000  
0.000000  0.000000  0.000000  1.000000  0.000000  0.000000  
0.000000  0.000000  0.000000  0.000000  1.000000  0.000000  
0.000000  0.000000  0.000000  0.000000  0.000000  1.000000  
R 1
0.010000  0.000000  0.000000  
0.000000  0.010000  0.000000  
0.000000  0.000000  0.010000  
Q 2
1.000000  0.000000  0.000000  0.000000  0.000000  0.000000  
0.000000  1.000000  0.000000  0.000000  0.000000  0.000000  
0.000000  0.000000  1.000000  0.000000  0.000000  0.000000  
0.000000  0.000000  0.000000  1.000000  0.000000  0.000000  
0.000000  0.000000  0.000000  0.000000  1.000000  0.000000  
0.000000  0.000000  0.000000  0.000000  0.000000  1.000000  
R 2
0.010000  0.000000  0.000000  
0.000000  0.010000  0.000000  
0.000000  0.000000  0.010000  
Q 3
1.000000  0.000000  0.000000  0.000000  0.000000  0.000000  
0.000000  1.000000  0.000000  0.000000  0.000000  0.000000  
0.000000  0.000000  1.000000  0.000000  0.000000  0.000000  
0.000000  0.000000  0.000000  1.000000  0.000000  0.000000  
0.000000  0.000000  0.000000  0.000000  1.000000  0.000000  
0.000000  0.000000  0.000000  0.000000  0.000000  1.000000  
R 3
0.010000  0.000000  0.000000  
0.000000  0.010000  0.000000  
0.000000  0.000000  0.010000  
Q 4
1.000000  0.000000  0.000000  0.000000  0.000000  0.000000  
0.000000  1.000000  0.000000  0.000000  0.000000  0.000000  
0.000000  0.000000  1.000000  0.000000  0.000000  0.000000  
0.000000  0.000000  0.000000  1.000000  0.000000  0.000000  
0.000000  0.000000  0.000000  0.000000  1.000000  0.000000  
0.000000  0.000000  0.000000  0.000000  0.000000  1.000000  
R 4
0.010000  0.000000  0.000000  
0.000000  0.010000  0.000000  
0.000000  0.000000  0.010000  
Q 5
1.000000  0.000000  0.000000  0.000000  0.000000  0.000000  
0.000000  1.000000  0.000000  0.000000  0.000000  0.000000  
0.000000  0.000000  1.000000  0.000000  0.000000  0.000000  
0.000000  0.000000  0.000000  1.000000  0.000000  0.000000  
0.000000  0.000000  0.000000  0.000000  1.000000  0.000000  
0.000000  0.000000  0.000000  0.000000  0.000000  1.000000  
R 5
0.010000  0.000000  0.000000  
0.000000  0.010000  0.000000  
0.000000  0.000000  0.010000  
Q 6
1.000000  0.000000  0.000000  0.000000  0.000000  0.000000  
0.000000  1.000000  0.000000  0.000000  0.000000  0.000000  
0.000000  0.000000  1.000000  0.000000  0.000000  0.000000  
0.000000  0.000000  0.000000  1.000000  0.000000  0.000000  
0.000000  0.000000  0.000000  0.000000  1.000000  0.000000  
0.000000  0.000000  0.000000  0.000000  0.000000  1.000000  
R 6
0.010000  0.000000  0.000000  
0.000000  0.010000  0.000000  
0.000000  0.000000  0.010000  
Q 7
10.000000  0.000000  0.000000  0.000000  0.000000  0.000000  
0.000000  10.000000  0.000000  0.000000  0.000000  0.000000  
0.000000  0.000000  10.000000  0.000000  0.000000  0.000000  
0.000000  0.000000  0.000000  10.000000  0.000000  0.000000  
0.000000  0.000000  0.000000  0.000000  10.000000  0.000000  
0.000000  0.000000  0.000000  0.000000  0.000000  10.000000  

d0: 
-1.000000  1.000000  -2.000000  2.000000  -3.000000  3.000000  

q0: 
2.000000  1.200000  0.400000  -0.400000  -1.200000  -2.000000  

r0: 
1.000000  -0.000000  -1.000000  

d1: 
-1.500000  -1.500000  -1.500000  -1.500000  -1.500000  -1.500000  

q1: 
4.000000  2.400000  0.800000  -0.800000  -2.400000  -4.000000  

r1: 
2.000000  -0.000000  -2.000000  

d2: 
-3.000000  -3.000000  -3.000000  -3.000000  -3.000000  -3.000000  

q2: 
6.000000  3.600000  1.200000  -1.200000  -3.600000  -6.000000  

r2: 
3.000000  -0.000000  -3.000000  

d3: 
-4.500000  -4.500000  -4.500000  -4.500000  -4.500000  -4.500000  

q3: 
8.000000  4.800000  1.600000  -1.600000  -4.800000  -8.000000  

r3: 
4.000000  -0.000000  -4.000000  

d4: 
-6.000000  -6.000000  -6.000000  -6.000000  -6.000000  -6.000000  

q4: 
10.000000  6.000000  2.000000  -2.000000  -6.000000  -10.000000  

r4: 
5.000000  -0.000000  -5.000000  

d5: 
-7.500000  -7.500000  -7.500000  -7.500000  -7.500000  -7.500000  

q5: 
12.000000  7.200000  2.400000  -2.400000  -7.200000  -12.000000  

r5: 
6.000000  -0.000000  -6.000000  

d6: 
-9.000000  -9.000000  -9.000000  -9.000000  -9.000000  -9.000000  

q6: 
14.000000  8.400000  2.800000  -2.800000  -8.400000  -14.000000  

r6: 
7.000000  -0.000000  -7.000000  

d7: 
-10.500000  -10.500000  -10.500000  -10.500000  -10.500000  -10.500000  

q7: 
160.000000  96.000000  32.000000  -32.000000  -96.000000  -160.000000  
done with cuda!

Solve Time:  76.4 ms 
Not Passedmy_soln
268.087311  
62.904980  
430.083130  
-21.149292  
397.461090  
-32.417912  
1.000000  
-1.000000  
2.000000  
-2.000000  
3.000000  
-3.000000  
-293.309784  
-20.319500  
17.548592  
271.042175  
25.778866  
431.624847  
-19.549292  
393.261078  
-31.417912  
1.033456  
-28.830978  
3.398411  
-2.431950  
4.487751  
0.454862  
-121.625412  
-37.133430  
-34.458904  
Soln
0.000000  
0.000000  
0.000000  
0.000000  
0.000000  
0.000000  
0.000000  
0.000000  
0.000000  
0.000000  
0.000000  
0.000000  
0.000000  
0.000000  
0.000000  
-0.000000  
0.000000  
0.000000  
0.000000  
0.000000  
0.000000  
0.000000  
0.000000  
0.000000  
0.000000  
0.000000  
0.000000  
0.000000  
0.000000  
0.000000  
size 117
268.087311  
62.904980  
430.083130  
-21.149292  
397.461090  
-32.417912  
1.000000  
-1.000000  
2.000000  
-2.000000  
3.000000  
-3.000000  
-293.309784  
-20.319500  
17.548592  
271.042175  
25.778866  
431.624847  
-19.549292  
393.261078  
-31.417912  
1.033456  
-28.830978  
3.398411  
-2.431950  
4.487751  
0.454862  
-121.625412  
-37.133430  
-34.458904  
275.800507  
18.372515  
432.613770  
-17.917343  
386.373291  
-35.872776  
3.425335  
-37.993523  
6.212780  
-3.041944  
4.432389  
0.348807  
-61.310791  
-55.157562  
-66.954651  
279.982758  
22.131943  
431.823151  
-16.075399  
378.340942  
-42.221581  
7.618727  
-39.624607  
10.436933  
-3.715171  
4.798192  
-1.225388  
-37.702759  
-74.340607  
-94.409424  
281.760010  
29.682276  
427.885834  
-13.960229  
368.742706  
-48.996193  
13.430210  
-37.394863  
16.065235  
-4.387356  
6.363695  
-3.622646  
-14.135880  
-93.950233  
-124.454010  
279.487152  
37.439240  
419.357971  
-11.572873  
356.378998  
-55.373543  
20.859488  
-31.308460  
23.095425  
-4.939362  
9.501884  
-6.961532  
44.434757  
-112.016724  
-165.718414  
271.530975  
41.979980  
404.703735  
-9.033513  
339.677124  
-60.412014  
30.081648  
-17.864988  
31.535328  
-5.055079  
14.542397  
-12.223808  
206.221497  
-123.309250  
-236.485291  
256.127167  
36.571499  
382.187195  
-6.778435  
316.734711  
-62.188206  
41.612713  
13.257149  
41.418720  
-3.877844  
22.073471  
-22.218821  
