Run Test
201703
CSV file has been read successfully.
shared_mem: 12620
Launching blocks 1 launching threads1shared memory12620
Max threads per block: 1024
Max blocks per multiprocessor: 24
Max shared memory per block: 49152
Multiprocessor count: 24
Max blocks for cooperative kernel launch: 168
After  shur loop, level 0 

LEVEL 0

F_lambda #0: 
-1.000000  -0.000000  -0.000000  -0.000000  -0.000000  -0.000000  
-0.000000  -1.000000  -0.000000  -0.000000  -0.000000  -0.000000  
-0.000000  -0.000000  -1.000000  -0.000000  -0.000000  -0.000000  
-0.100000  -0.000000  -0.000000  -1.000000  -0.000000  -0.000000  
-0.000000  -0.100000  -0.000000  -0.000000  -1.000000  -0.000000  
-0.000000  -0.000000  -0.100000  -0.000000  -0.000000  -1.000000  

F_state #0: 
0.000000  0.000000  0.000000  0.000000  0.000000  0.000000  
0.000000  0.000000  0.000000  0.000000  0.000000  0.000000  
0.000000  0.000000  0.000000  0.000000  0.000000  0.000000  
0.000000  0.000000  0.000000  0.000000  0.000000  0.000000  
0.000000  0.000000  0.000000  0.000000  0.000000  0.000000  
0.000000  0.000000  0.000000  0.000000  0.000000  0.000000  

F_input #0: 
0.500000  0.000000  0.000000  10.000000  0.000000  0.000000  
0.000000  0.500000  0.000000  0.000000  10.000000  0.000000  
0.000000  0.000000  0.500000  0.000000  0.000000  10.000000  

F_lambda #1: 
1.001249  0.000000  0.000000  0.050000  0.000000  0.000000  
0.000000  1.001249  0.000000  0.000000  0.050000  0.000000  
0.000000  0.000000  1.001249  0.000000  0.000000  0.050000  
0.049938  0.000000  0.000000  1.413332  0.000000  0.000000  
0.000000  0.049938  0.000000  0.000000  1.413332  0.000000  
0.000000  0.000000  0.049938  0.000000  0.000000  1.413332  

F_state #1: 
-1.000000  0.000000  0.000000  0.000000  0.000000  0.000000  
0.000000  -1.000000  0.000000  0.000000  0.000000  0.000000  
0.000000  0.000000  -1.000000  0.000000  0.000000  0.000000  
0.000000  0.000000  0.000000  -1.000000  0.000000  0.000000  
0.000000  0.000000  0.000000  0.000000  -1.000000  0.000000  
0.000000  0.000000  0.000000  0.000000  0.000000  -1.000000  

F_input #1: 
0.000000  0.000000  0.000000  0.000000  0.000000  0.000000  
0.000000  0.000000  0.000000  0.000000  0.000000  0.000000  
0.000000  0.000000  0.000000  0.000000  0.000000  0.000000  

F_lambda #2: 
0.000000  0.000000  0.000000  0.000000  0.000000  0.000000  
0.000000  0.000000  0.000000  0.000000  0.000000  0.000000  
0.000000  0.000000  0.000000  0.000000  0.000000  0.000000  
0.000000  0.000000  0.000000  0.000000  0.000000  0.000000  
0.000000  0.000000  0.000000  0.000000  0.000000  0.000000  
0.000000  0.000000  0.000000  0.000000  0.000000  0.000000  

F_state #2: 
1.000000  0.000000  0.000000  0.000000  0.000000  0.000000  
0.000000  1.000000  0.000000  0.000000  0.000000  0.000000  
0.000000  0.000000  1.000000  0.000000  0.000000  0.000000  
0.100000  0.000000  0.000000  1.000000  0.000000  0.000000  
0.000000  0.100000  0.000000  0.000000  1.000000  0.000000  
0.000000  0.000000  0.100000  0.000000  0.000000  1.000000  

F_input #2: 
0.500000  0.000000  0.000000  10.000000  0.000000  0.000000  
0.000000  0.500000  0.000000  0.000000  10.000000  0.000000  
0.000000  0.000000  0.500000  0.000000  0.000000  10.000000  

F_lambda #3: 
1.418626  0.000000  0.000000  0.150000  0.000000  0.000000  
0.000000  1.418626  0.000000  0.000000  0.150000  0.000000  
0.000000  0.000000  1.418626  0.000000  0.000000  0.150000  
0.105736  0.000000  0.000000  1.728820  0.000000  0.000000  
0.000000  0.105736  0.000000  0.000000  1.728820  0.000000  
0.000000  0.000000  0.105736  0.000000  0.000000  1.728820  

F_state #3: 
-1.000000  0.000000  0.000000  0.000000  0.000000  0.000000  
0.000000  -1.000000  0.000000  0.000000  0.000000  0.000000  
0.000000  0.000000  -1.000000  0.000000  0.000000  0.000000  
0.000000  0.000000  0.000000  -1.000000  0.000000  0.000000  
0.000000  0.000000  0.000000  0.000000  -1.000000  0.000000  
0.000000  0.000000  0.000000  0.000000  0.000000  -1.000000  

F_input #3: 
0.000000  0.000000  0.000000  0.000000  0.000000  0.000000  
0.000000  0.000000  0.000000  0.000000  0.000000  0.000000  
0.000000  0.000000  0.000000  0.000000  0.000000  0.000000  

F_lambda #4: 
0.000000  0.000000  0.000000  0.000000  0.000000  0.000000  
0.000000  0.000000  0.000000  0.000000  0.000000  0.000000  
0.000000  0.000000  0.000000  0.000000  0.000000  0.000000  
0.000000  0.000000  0.000000  0.000000  0.000000  0.000000  
0.000000  0.000000  0.000000  0.000000  0.000000  0.000000  
0.000000  0.000000  0.000000  0.000000  0.000000  0.000000  

F_state #4: 
1.000000  0.000000  0.000000  0.000000  0.000000  0.000000  
0.000000  1.000000  0.000000  0.000000  0.000000  0.000000  
0.000000  0.000000  1.000000  0.000000  0.000000  0.000000  
0.100000  0.000000  0.000000  1.000000  0.000000  0.000000  
0.000000  0.100000  0.000000  0.000000  1.000000  0.000000  
0.000000  0.000000  0.100000  0.000000  0.000000  1.000000  

F_input #4: 
0.500000  0.000000  0.000000  10.000000  0.000000  0.000000  
0.000000  0.500000  0.000000  0.000000  10.000000  0.000000  
0.000000  0.000000  0.500000  0.000000  0.000000  10.000000  

F_lambda #5: 
1.418626  0.000000  0.000000  0.150000  0.000000  0.000000  
0.000000  1.418626  0.000000  0.000000  0.150000  0.000000  
0.000000  0.000000  1.418626  0.000000  0.000000  0.150000  
0.105736  0.000000  0.000000  1.728820  0.000000  0.000000  
0.000000  0.105736  0.000000  0.000000  1.728820  0.000000  
0.000000  0.000000  0.105736  0.000000  0.000000  1.728820  

F_state #5: 
-1.000000  0.000000  0.000000  0.000000  0.000000  0.000000  
0.000000  -1.000000  0.000000  0.000000  0.000000  0.000000  
0.000000  0.000000  -1.000000  0.000000  0.000000  0.000000  
0.000000  0.000000  0.000000  -1.000000  0.000000  0.000000  
0.000000  0.000000  0.000000  0.000000  -1.000000  0.000000  
0.000000  0.000000  0.000000  0.000000  0.000000  -1.000000  

F_input #5: 
0.000000  0.000000  0.000000  0.000000  0.000000  0.000000  
0.000000  0.000000  0.000000  0.000000  0.000000  0.000000  
0.000000  0.000000  0.000000  0.000000  0.000000  0.000000  

F_lambda #6: 
0.000000  0.000000  0.000000  0.000000  0.000000  0.000000  
0.000000  0.000000  0.000000  0.000000  0.000000  0.000000  
0.000000  0.000000  0.000000  0.000000  0.000000  0.000000  
0.000000  0.000000  0.000000  0.000000  0.000000  0.000000  
0.000000  0.000000  0.000000  0.000000  0.000000  0.000000  
0.000000  0.000000  0.000000  0.000000  0.000000  0.000000  

F_state #6: 
1.000000  0.000000  0.000000  0.000000  0.000000  0.000000  
0.000000  1.000000  0.000000  0.000000  0.000000  0.000000  
0.000000  0.000000  1.000000  0.000000  0.000000  0.000000  
0.100000  0.000000  0.000000  1.000000  0.000000  0.000000  
0.000000  0.100000  0.000000  0.000000  1.000000  0.000000  
0.000000  0.000000  0.100000  0.000000  0.000000  1.000000  

F_input #6: 
0.500000  0.000000  0.000000  10.000000  0.000000  0.000000  
0.000000  0.500000  0.000000  0.000000  10.000000  0.000000  
0.000000  0.000000  0.500000  0.000000  0.000000  10.000000  

F_lambda #7: 
1.054751  0.000000  0.000000  0.150000  0.000000  0.000000  
0.000000  1.054751  0.000000  0.000000  0.150000  0.000000  
0.000000  0.000000  1.054751  0.000000  0.000000  0.150000  
0.142214  0.000000  0.000000  1.442142  0.000000  0.000000  
0.000000  0.142214  0.000000  0.000000  1.442142  0.000000  
0.000000  0.000000  0.142214  0.000000  0.000000  1.442142  

F_state #7: 
-0.100000  0.000000  0.000000  0.000000  0.000000  0.000000  
0.000000  -0.100000  0.000000  0.000000  0.000000  0.000000  
0.000000  0.000000  -0.100000  0.000000  0.000000  0.000000  
0.000000  0.000000  0.000000  -0.100000  0.000000  0.000000  
0.000000  0.000000  0.000000  0.000000  -0.100000  0.000000  
0.000000  0.000000  0.000000  0.000000  0.000000  -0.100000  

F_input #7: 
0.000000  0.000000  0.000000  0.000000  0.000000  0.000000  
0.000000  0.000000  0.000000  0.000000  0.000000  0.000000  
0.000000  0.000000  0.000000  0.000000  0.000000  0.000000  

LEVEL 1

F_lambda #8: 
-0.996255  0.000000  0.000000  0.024969  0.000000  0.000000  
0.000000  -0.996255  0.000000  0.000000  0.024969  0.000000  
0.000000  0.000000  -0.996255  0.000000  0.000000  0.024969  
-0.124719  0.000000  0.000000  -0.498127  0.000000  0.000000  
0.000000  -0.124719  0.000000  0.000000  -0.498127  0.000000  
0.000000  0.000000  -0.124719  0.000000  0.000000  -0.498127  

F_state #8: 
0.000000  0.000000  0.000000  0.000000  0.000000  0.000000  
0.000000  0.000000  0.000000  0.000000  0.000000  0.000000  
0.000000  0.000000  0.000000  0.000000  0.000000  0.000000  
0.000000  0.000000  0.000000  0.000000  0.000000  0.000000  
0.000000  0.000000  0.000000  0.000000  0.000000  0.000000  
0.000000  0.000000  0.000000  0.000000  0.000000  0.000000  

F_input #8: 
0.749064  0.000000  0.000000  4.993757  0.000000  0.000000  
0.000000  0.749064  0.000000  0.000000  4.993757  0.000000  
0.000000  0.000000  0.749064  0.000000  0.000000  4.993757  

F_lambda #9: 
-0.996255  0.000000  0.000000  0.024969  0.000000  0.000000  
0.000000  -0.996255  0.000000  0.000000  0.024969  0.000000  
0.000000  0.000000  -0.996255  0.000000  0.000000  0.024969  
-0.025094  0.000000  0.000000  -0.500624  0.000000  0.000000  
0.000000  -0.025094  0.000000  0.000000  -0.500624  0.000000  
0.000000  0.000000  -0.025094  0.000000  0.000000  -0.500624  

F_state #9: 
0.003745  0.000000  0.000000  0.024969  0.000000  0.000000  
0.000000  0.003745  0.000000  0.000000  0.024969  0.000000  
0.000000  0.000000  0.003745  0.000000  0.000000  0.024969  
0.074906  0.000000  0.000000  0.499376  0.000000  0.000000  
0.000000  0.074906  0.000000  0.000000  0.499376  0.000000  
0.000000  0.000000  0.074906  0.000000  0.000000  0.499376  

F_input #9: 
0.500000  0.000000  0.000000  10.000000  0.000000  0.000000  
0.000000  0.500000  0.000000  0.000000  10.000000  0.000000  
0.000000  0.000000  0.500000  0.000000  0.000000  10.000000  

F_lambda #10: 
0.000000  0.000000  0.000000  0.000000  0.000000  0.000000  
0.000000  0.000000  0.000000  0.000000  0.000000  0.000000  
0.000000  0.000000  0.000000  0.000000  0.000000  0.000000  
0.000000  0.000000  0.000000  0.000000  0.000000  0.000000  
0.000000  0.000000  0.000000  0.000000  0.000000  0.000000  
0.000000  0.000000  0.000000  0.000000  0.000000  0.000000  

F_state #10: 
-0.501247  0.000000  0.000000  0.024938  0.000000  0.000000  
0.000000  -0.501247  0.000000  0.000000  0.024938  0.000000  
0.000000  0.000000  -0.501247  0.000000  0.000000  0.024938  
0.024938  0.000000  0.000000  -0.665420  0.000000  0.000000  
0.000000  0.024938  0.000000  0.000000  -0.665420  0.000000  
0.000000  0.000000  0.024938  0.000000  0.000000  -0.665420  

F_input #10: 
-0.000000  0.000000  0.000000  3.333333  0.000000  0.000000  
0.000000  -0.000000  0.000000  0.000000  3.333333  0.000000  
0.000000  0.000000  -0.000000  0.000000  0.000000  3.333333  

F_lambda #11: 
-0.498753  0.000000  0.000000  -0.024938  0.000000  0.000000  
0.000000  -0.498753  0.000000  0.000000  -0.024938  0.000000  
0.000000  0.000000  -0.498753  0.000000  0.000000  -0.024938  
0.024938  0.000000  0.000000  -0.332086  0.000000  0.000000  
0.000000  0.024938  0.000000  0.000000  -0.332086  0.000000  
0.000000  0.000000  0.024938  0.000000  0.000000  -0.332086  

F_state #11: 
-0.498753  0.000000  0.000000  -0.024938  0.000000  0.000000  
0.000000  -0.498753  0.000000  0.000000  -0.024938  0.000000  
0.000000  0.000000  -0.498753  0.000000  0.000000  -0.024938  
0.024938  0.000000  0.000000  -0.332086  0.000000  0.000000  
0.000000  0.024938  0.000000  0.000000  -0.332086  0.000000  
0.000000  0.000000  0.024938  0.000000  0.000000  -0.332086  

F_input #11: 
0.000000  0.000000  0.000000  0.000000  0.000000  0.000000  
0.000000  0.000000  0.000000  0.000000  0.000000  0.000000  
0.000000  0.000000  0.000000  0.000000  0.000000  0.000000  

F_lambda #12: 
0.000000  0.000000  0.000000  0.000000  0.000000  0.000000  
0.000000  0.000000  0.000000  0.000000  0.000000  0.000000  
0.000000  0.000000  0.000000  0.000000  0.000000  0.000000  
0.000000  0.000000  0.000000  0.000000  0.000000  0.000000  
0.000000  0.000000  0.000000  0.000000  0.000000  0.000000  
0.000000  0.000000  0.000000  0.000000  0.000000  0.000000  

F_state #12: 
0.496259  0.000000  0.000000  -0.024938  0.000000  0.000000  
0.000000  0.496259  0.000000  0.000000  -0.024938  0.000000  
0.000000  0.000000  0.496259  0.000000  0.000000  -0.024938  
0.058146  0.000000  0.000000  0.332086  0.000000  0.000000  
0.000000  0.058146  0.000000  0.000000  0.332086  0.000000  
0.000000  0.000000  0.058146  0.000000  0.000000  0.332086  

F_input #12: 
0.333333  0.000000  0.000000  3.333333  0.000000  0.000000  
0.000000  0.333333  0.000000  0.000000  3.333333  0.000000  
0.000000  0.000000  0.333333  0.000000  0.000000  3.333333  

F_lambda #13: 
-0.496259  0.000000  0.000000  0.024938  0.000000  0.000000  
0.000000  -0.496259  0.000000  0.000000  0.024938  0.000000  
0.000000  0.000000  -0.496259  0.000000  0.000000  0.024938  
-0.008520  0.000000  0.000000  -0.334580  0.000000  0.000000  
0.000000  -0.008520  0.000000  0.000000  -0.334580  0.000000  
0.000000  0.000000  -0.008520  0.000000  0.000000  -0.334580  

F_state #13: 
0.503741  0.000000  0.000000  0.024938  0.000000  0.000000  
0.000000  0.503741  0.000000  0.000000  0.024938  0.000000  
0.000000  0.000000  0.503741  0.000000  0.000000  0.024938  
0.091480  0.000000  0.000000  0.665420  0.000000  0.000000  
0.000000  0.091480  0.000000  0.000000  0.665420  0.000000  
0.000000  0.000000  0.091480  0.000000  0.000000  0.665420  

F_input #13: 
0.500000  0.000000  0.000000  10.000000  0.000000  0.000000  
0.000000  0.500000  0.000000  0.000000  10.000000  0.000000  
0.000000  0.000000  0.500000  0.000000  0.000000  10.000000  

F_lambda #14: 
0.000000  0.000000  0.000000  0.000000  0.000000  0.000000  
0.000000  0.000000  0.000000  0.000000  0.000000  0.000000  
0.000000  0.000000  0.000000  0.000000  0.000000  0.000000  
0.000000  0.000000  0.000000  0.000000  0.000000  0.000000  
0.000000  0.000000  0.000000  0.000000  0.000000  0.000000  
0.000000  0.000000  0.000000  0.000000  0.000000  0.000000  

F_state #14: 
-0.092382  0.000000  0.000000  0.025932  0.000000  0.000000  
0.000000  -0.092382  0.000000  0.000000  0.025932  0.000000  
0.000000  0.000000  -0.092382  0.000000  0.000000  0.025932  
0.025932  0.000000  0.000000  -0.523069  0.000000  0.000000  
0.000000  0.025932  0.000000  0.000000  -0.523069  0.000000  
0.000000  0.000000  0.025932  0.000000  0.000000  -0.523069  

F_input #14: 
-0.194490  0.000000  0.000000  4.756349  0.000000  0.000000  
0.000000  -0.194490  0.000000  0.000000  4.756349  0.000000  
0.000000  0.000000  -0.194490  0.000000  0.000000  4.756349  

F_lambda #15: 
-0.907618  0.000000  0.000000  -0.025932  0.000000  0.000000  
0.000000  -0.907618  0.000000  0.000000  -0.025932  0.000000  
0.000000  0.000000  -0.907618  0.000000  0.000000  -0.025932  
0.064830  0.000000  0.000000  -0.474338  0.000000  0.000000  
0.000000  0.064830  0.000000  0.000000  -0.474338  0.000000  
0.000000  0.000000  0.064830  0.000000  0.000000  -0.474338  

F_state #15: 
-0.090762  0.000000  0.000000  -0.002593  0.000000  0.000000  
0.000000  -0.090762  0.000000  0.000000  -0.002593  0.000000  
0.000000  0.000000  -0.090762  0.000000  0.000000  -0.002593  
0.006483  0.000000  0.000000  -0.047434  0.000000  0.000000  
0.000000  0.006483  0.000000  0.000000  -0.047434  0.000000  
0.000000  0.000000  0.006483  0.000000  0.000000  -0.047434  

F_input #15: 
0.000000  0.000000  0.000000  0.000000  0.000000  0.000000  
0.000000  0.000000  0.000000  0.000000  0.000000  0.000000  
0.000000  0.000000  0.000000  0.000000  0.000000  0.000000  

LEVEL 2

F_lambda #16: 
0.000000  0.000000  0.000000  0.000000  0.000000  0.000000  
0.000000  0.000000  0.000000  0.000000  0.000000  0.000000  
0.000000  0.000000  0.000000  0.000000  0.000000  0.000000  
0.000000  0.000000  0.000000  0.000000  0.000000  0.000000  
0.000000  0.000000  0.000000  0.000000  0.000000  0.000000  
0.000000  0.000000  0.000000  0.000000  0.000000  0.000000  

F_state #16: 
0.000000  0.000000  0.000000  0.000000  0.000000  0.000000  
0.000000  0.000000  0.000000  0.000000  0.000000  0.000000  
0.000000  0.000000  0.000000  0.000000  0.000000  0.000000  
0.000000  0.000000  0.000000  0.000000  0.000000  0.000000  
0.000000  0.000000  0.000000  0.000000  0.000000  0.000000  
0.000000  0.000000  0.000000  0.000000  0.000000  0.000000  

F_input #16: 
0.000000  0.000000  0.000000  0.000000  0.000000  0.000000  
0.000000  0.000000  0.000000  0.000000  0.000000  0.000000  
0.000000  0.000000  0.000000  0.000000  0.000000  0.000000  

F_lambda #17: 
0.000000  0.000000  0.000000  0.000000  0.000000  0.000000  
0.000000  0.000000  0.000000  0.000000  0.000000  0.000000  
0.000000  0.000000  0.000000  0.000000  0.000000  0.000000  
0.000000  0.000000  0.000000  0.000000  0.000000  0.000000  
0.000000  0.000000  0.000000  0.000000  0.000000  0.000000  
0.000000  0.000000  0.000000  0.000000  0.000000  0.000000  

F_state #17: 
0.000000  0.000000  0.000000  0.000000  0.000000  0.000000  
0.000000  0.000000  0.000000  0.000000  0.000000  0.000000  
0.000000  0.000000  0.000000  0.000000  0.000000  0.000000  
0.000000  0.000000  0.000000  0.000000  0.000000  0.000000  
0.000000  0.000000  0.000000  0.000000  0.000000  0.000000  
0.000000  0.000000  0.000000  0.000000  0.000000  0.000000  

F_input #17: 
0.000000  0.000000  0.000000  0.000000  0.000000  0.000000  
0.000000  0.000000  0.000000  0.000000  0.000000  0.000000  
0.000000  0.000000  0.000000  0.000000  0.000000  0.000000  

F_lambda #18: 
0.000000  0.000000  0.000000  0.000000  0.000000  0.000000  
0.000000  0.000000  0.000000  0.000000  0.000000  0.000000  
0.000000  0.000000  0.000000  0.000000  0.000000  0.000000  
0.000000  0.000000  0.000000  0.000000  0.000000  0.000000  
0.000000  0.000000  0.000000  0.000000  0.000000  0.000000  
0.000000  0.000000  0.000000  0.000000  0.000000  0.000000  

F_state #18: 
0.496259  0.000000  0.000000  -0.024938  0.000000  0.000000  
0.000000  0.496259  0.000000  0.000000  -0.024938  0.000000  
0.000000  0.000000  0.496259  0.000000  0.000000  -0.024938  
0.058146  0.000000  0.000000  0.332086  0.000000  0.000000  
0.000000  0.058146  0.000000  0.000000  0.332086  0.000000  
0.000000  0.000000  0.058146  0.000000  0.000000  0.332086  

F_input #18: 
0.333333  0.000000  0.000000  3.333333  0.000000  0.000000  
0.000000  0.333333  0.000000  0.000000  3.333333  0.000000  
0.000000  0.000000  0.333333  0.000000  0.000000  3.333333  

F_lambda #19: 
-0.496259  0.000000  0.000000  0.024938  0.000000  0.000000  
0.000000  -0.496259  0.000000  0.000000  0.024938  0.000000  
0.000000  0.000000  -0.496259  0.000000  0.000000  0.024938  
-0.008520  0.000000  0.000000  -0.334580  0.000000  0.000000  
0.000000  -0.008520  0.000000  0.000000  -0.334580  0.000000  
0.000000  0.000000  -0.008520  0.000000  0.000000  -0.334580  

F_state #19: 
0.503741  0.000000  0.000000  0.024938  0.000000  0.000000  
0.000000  0.503741  0.000000  0.000000  0.024938  0.000000  
0.000000  0.000000  0.503741  0.000000  0.000000  0.024938  
0.091480  0.000000  0.000000  0.665420  0.000000  0.000000  
0.000000  0.091480  0.000000  0.000000  0.665420  0.000000  
0.000000  0.000000  0.091480  0.000000  0.000000  0.665420  

F_input #19: 
0.500000  0.000000  0.000000  10.000000  0.000000  0.000000  
0.000000  0.500000  0.000000  0.000000  10.000000  0.000000  
0.000000  0.000000  0.500000  0.000000  0.000000  10.000000  

F_lambda #20: 
0.000000  0.000000  0.000000  0.000000  0.000000  0.000000  
0.000000  0.000000  0.000000  0.000000  0.000000  0.000000  
0.000000  0.000000  0.000000  0.000000  0.000000  0.000000  
0.000000  0.000000  0.000000  0.000000  0.000000  0.000000  
0.000000  0.000000  0.000000  0.000000  0.000000  0.000000  
0.000000  0.000000  0.000000  0.000000  0.000000  0.000000  

F_state #20: 
-0.501247  0.000000  0.000000  0.024938  0.000000  0.000000  
0.000000  -0.501247  0.000000  0.000000  0.024938  0.000000  
0.000000  0.000000  -0.501247  0.000000  0.000000  0.024938  
0.024938  0.000000  0.000000  -0.665420  0.000000  0.000000  
0.000000  0.024938  0.000000  0.000000  -0.665420  0.000000  
0.000000  0.000000  0.024938  0.000000  0.000000  -0.665420  

F_input #20: 
-0.000000  0.000000  0.000000  3.333333  0.000000  0.000000  
0.000000  -0.000000  0.000000  0.000000  3.333333  0.000000  
0.000000  0.000000  -0.000000  0.000000  0.000000  3.333333  

F_lambda #21: 
-0.498753  0.000000  0.000000  -0.024938  0.000000  0.000000  
0.000000  -0.498753  0.000000  0.000000  -0.024938  0.000000  
0.000000  0.000000  -0.498753  0.000000  0.000000  -0.024938  
0.024938  0.000000  0.000000  -0.332086  0.000000  0.000000  
0.000000  0.024938  0.000000  0.000000  -0.332086  0.000000  
0.000000  0.000000  0.024938  0.000000  0.000000  -0.332086  

F_state #21: 
-0.498753  0.000000  0.000000  -0.024938  0.000000  0.000000  
0.000000  -0.498753  0.000000  0.000000  -0.024938  0.000000  
0.000000  0.000000  -0.498753  0.000000  0.000000  -0.024938  
0.024938  0.000000  0.000000  -0.332086  0.000000  0.000000  
0.000000  0.024938  0.000000  0.000000  -0.332086  0.000000  
0.000000  0.000000  0.024938  0.000000  0.000000  -0.332086  

F_input #21: 
0.000000  0.000000  0.000000  0.000000  0.000000  0.000000  
0.000000  0.000000  0.000000  0.000000  0.000000  0.000000  
0.000000  0.000000  0.000000  0.000000  0.000000  0.000000  

F_lambda #22: 
0.000000  0.000000  0.000000  0.000000  0.000000  0.000000  
0.000000  0.000000  0.000000  0.000000  0.000000  0.000000  
0.000000  0.000000  0.000000  0.000000  0.000000  0.000000  
0.000000  0.000000  0.000000  0.000000  0.000000  0.000000  
0.000000  0.000000  0.000000  0.000000  0.000000  0.000000  
0.000000  0.000000  0.000000  0.000000  0.000000  0.000000  

F_state #22: 
0.000000  0.000000  0.000000  0.000000  0.000000  0.000000  
0.000000  0.000000  0.000000  0.000000  0.000000  0.000000  
0.000000  0.000000  0.000000  0.000000  0.000000  0.000000  
0.000000  0.000000  0.000000  0.000000  0.000000  0.000000  
0.000000  0.000000  0.000000  0.000000  0.000000  0.000000  
0.000000  0.000000  0.000000  0.000000  0.000000  0.000000  

F_input #22: 
0.000000  0.000000  0.000000  0.000000  0.000000  0.000000  
0.000000  0.000000  0.000000  0.000000  0.000000  0.000000  
0.000000  0.000000  0.000000  0.000000  0.000000  0.000000  

F_lambda #23: 
0.000000  0.000000  0.000000  0.000000  0.000000  0.000000  
0.000000  0.000000  0.000000  0.000000  0.000000  0.000000  
0.000000  0.000000  0.000000  0.000000  0.000000  0.000000  
0.000000  0.000000  0.000000  0.000000  0.000000  0.000000  
0.000000  0.000000  0.000000  0.000000  0.000000  0.000000  
0.000000  0.000000  0.000000  0.000000  0.000000  0.000000  

F_state #23: 
0.000000  0.000000  0.000000  0.000000  0.000000  0.000000  
0.000000  0.000000  0.000000  0.000000  0.000000  0.000000  
0.000000  0.000000  0.000000  0.000000  0.000000  0.000000  
0.000000  0.000000  0.000000  0.000000  0.000000  0.000000  
0.000000  0.000000  0.000000  0.000000  0.000000  0.000000  
0.000000  0.000000  0.000000  0.000000  0.000000  0.000000  

F_input #23: 
0.000000  0.000000  0.000000  0.000000  0.000000  0.000000  
0.000000  0.000000  0.000000  0.000000  0.000000  0.000000  
0.000000  0.000000  0.000000  0.000000  0.000000  0.000000  

d0: 
-1.000000  -2.200000  1.600000  -1.600000  4.200000  -1.000000  

q0: 
1.000000  -1.000000  2.000000  -2.000000  3.000000  -3.000000  

r0: 
100.000000  0.000000  -100.000000  

d1: 
-1.500000  -1.500000  -1.500000  -1.500000  -1.500000  -1.500000  

q1: 
4.000000  2.400000  0.800000  -0.800000  -2.400000  -4.000000  

r1: 
200.000000  0.000000  -200.000000  

d2: 
-3.000000  -3.000000  -3.000000  -3.000000  -3.000000  -3.000000  

q2: 
6.000000  3.600000  1.200000  -1.200000  -3.600000  -6.000000  

r2: 
300.000000  0.000000  -300.000000  

d3: 
-4.500000  -4.500000  -4.500000  -4.500000  -4.500000  -4.500000  

q3: 
8.000000  4.800000  1.600000  -1.600000  -4.800000  -8.000000  

r3: 
400.000000  0.000000  -400.000000  

d4: 
-6.000000  -6.000000  -6.000000  -6.000000  -6.000000  -6.000000  

q4: 
10.000000  6.000000  2.000000  -2.000000  -6.000000  -10.000000  

r4: 
500.000000  0.000000  -500.000000  

d5: 
-7.500000  -7.500000  -7.500000  -7.500000  -7.500000  -7.500000  

q5: 
12.000000  7.200000  2.400000  -2.400000  -7.200000  -12.000000  

r5: 
600.000000  0.000000  -600.000000  

d6: 
-9.000000  -9.000000  -9.000000  -9.000000  -9.000000  -9.000000  

q6: 
14.000000  8.400000  2.800000  -2.800000  -8.400000  -14.000000  

r6: 
700.000000  0.000000  -700.000000  

d7: 
-10.500000  -10.500000  -10.500000  -10.500000  -10.500000  -10.500000  

q7: 
16.000000  9.599999  3.200000  -3.200000  -9.599999  -16.000000  
After  shur loop, level 1 

LEVEL 0

F_lambda #0: 
-1.000000  -0.000000  -0.000000  -0.000000  -0.000000  -0.000000  
-0.000000  -1.000000  -0.000000  -0.000000  -0.000000  -0.000000  
-0.000000  -0.000000  -1.000000  -0.000000  -0.000000  -0.000000  
-0.100000  -0.000000  -0.000000  -1.000000  -0.000000  -0.000000  
-0.000000  -0.100000  -0.000000  -0.000000  -1.000000  -0.000000  
-0.000000  -0.000000  -0.100000  -0.000000  -0.000000  -1.000000  

F_state #0: 
0.000000  0.000000  0.000000  0.000000  0.000000  0.000000  
0.000000  0.000000  0.000000  0.000000  0.000000  0.000000  
0.000000  0.000000  0.000000  0.000000  0.000000  0.000000  
0.000000  0.000000  0.000000  0.000000  0.000000  0.000000  
0.000000  0.000000  0.000000  0.000000  0.000000  0.000000  
0.000000  0.000000  0.000000  0.000000  0.000000  0.000000  

F_input #0: 
0.500000  0.000000  0.000000  10.000000  0.000000  0.000000  
0.000000  0.500000  0.000000  0.000000  10.000000  0.000000  
0.000000  0.000000  0.500000  0.000000  0.000000  10.000000  

F_lambda #1: 
1.001249  0.000000  0.000000  0.050000  0.000000  0.000000  
0.000000  1.001249  0.000000  0.000000  0.050000  0.000000  
0.000000  0.000000  1.001249  0.000000  0.000000  0.050000  
0.049938  0.000000  0.000000  1.413332  0.000000  0.000000  
0.000000  0.049938  0.000000  0.000000  1.413332  0.000000  
0.000000  0.000000  0.049938  0.000000  0.000000  1.413332  

F_state #1: 
-1.000000  0.000000  0.000000  0.000000  0.000000  0.000000  
0.000000  -1.000000  0.000000  0.000000  0.000000  0.000000  
0.000000  0.000000  -1.000000  0.000000  0.000000  0.000000  
0.000000  0.000000  0.000000  -1.000000  0.000000  0.000000  
0.000000  0.000000  0.000000  0.000000  -1.000000  0.000000  
0.000000  0.000000  0.000000  0.000000  0.000000  -1.000000  

F_input #1: 
0.000000  0.000000  0.000000  0.000000  0.000000  0.000000  
0.000000  0.000000  0.000000  0.000000  0.000000  0.000000  
0.000000  0.000000  0.000000  0.000000  0.000000  0.000000  

F_lambda #2: 
0.000000  0.000000  0.000000  0.000000  0.000000  0.000000  
0.000000  0.000000  0.000000  0.000000  0.000000  0.000000  
0.000000  0.000000  0.000000  0.000000  0.000000  0.000000  
0.000000  0.000000  0.000000  0.000000  0.000000  0.000000  
0.000000  0.000000  0.000000  0.000000  0.000000  0.000000  
0.000000  0.000000  0.000000  0.000000  0.000000  0.000000  

F_state #2: 
1.000000  0.000000  0.000000  0.000000  0.000000  0.000000  
0.000000  1.000000  0.000000  0.000000  0.000000  0.000000  
0.000000  0.000000  1.000000  0.000000  0.000000  0.000000  
0.100000  0.000000  0.000000  1.000000  0.000000  0.000000  
0.000000  0.100000  0.000000  0.000000  1.000000  0.000000  
0.000000  0.000000  0.100000  0.000000  0.000000  1.000000  

F_input #2: 
0.500000  0.000000  0.000000  10.000000  0.000000  0.000000  
0.000000  0.500000  0.000000  0.000000  10.000000  0.000000  
0.000000  0.000000  0.500000  0.000000  0.000000  10.000000  

F_lambda #3: 
1.418626  0.000000  0.000000  0.150000  0.000000  0.000000  
0.000000  1.418626  0.000000  0.000000  0.150000  0.000000  
0.000000  0.000000  1.418626  0.000000  0.000000  0.150000  
0.105736  0.000000  0.000000  1.728820  0.000000  0.000000  
0.000000  0.105736  0.000000  0.000000  1.728820  0.000000  
0.000000  0.000000  0.105736  0.000000  0.000000  1.728820  

F_state #3: 
-1.000000  0.000000  0.000000  0.000000  0.000000  0.000000  
0.000000  -1.000000  0.000000  0.000000  0.000000  0.000000  
0.000000  0.000000  -1.000000  0.000000  0.000000  0.000000  
0.000000  0.000000  0.000000  -1.000000  0.000000  0.000000  
0.000000  0.000000  0.000000  0.000000  -1.000000  0.000000  
0.000000  0.000000  0.000000  0.000000  0.000000  -1.000000  

F_input #3: 
0.000000  0.000000  0.000000  0.000000  0.000000  0.000000  
0.000000  0.000000  0.000000  0.000000  0.000000  0.000000  
0.000000  0.000000  0.000000  0.000000  0.000000  0.000000  

F_lambda #4: 
0.000000  0.000000  0.000000  0.000000  0.000000  0.000000  
0.000000  0.000000  0.000000  0.000000  0.000000  0.000000  
0.000000  0.000000  0.000000  0.000000  0.000000  0.000000  
0.000000  0.000000  0.000000  0.000000  0.000000  0.000000  
0.000000  0.000000  0.000000  0.000000  0.000000  0.000000  
0.000000  0.000000  0.000000  0.000000  0.000000  0.000000  

F_state #4: 
1.000000  0.000000  0.000000  0.000000  0.000000  0.000000  
0.000000  1.000000  0.000000  0.000000  0.000000  0.000000  
0.000000  0.000000  1.000000  0.000000  0.000000  0.000000  
0.100000  0.000000  0.000000  1.000000  0.000000  0.000000  
0.000000  0.100000  0.000000  0.000000  1.000000  0.000000  
0.000000  0.000000  0.100000  0.000000  0.000000  1.000000  

F_input #4: 
0.500000  0.000000  0.000000  10.000000  0.000000  0.000000  
0.000000  0.500000  0.000000  0.000000  10.000000  0.000000  
0.000000  0.000000  0.500000  0.000000  0.000000  10.000000  

F_lambda #5: 
1.418626  0.000000  0.000000  0.150000  0.000000  0.000000  
0.000000  1.418626  0.000000  0.000000  0.150000  0.000000  
0.000000  0.000000  1.418626  0.000000  0.000000  0.150000  
0.105736  0.000000  0.000000  1.728820  0.000000  0.000000  
0.000000  0.105736  0.000000  0.000000  1.728820  0.000000  
0.000000  0.000000  0.105736  0.000000  0.000000  1.728820  

F_state #5: 
-1.000000  0.000000  0.000000  0.000000  0.000000  0.000000  
0.000000  -1.000000  0.000000  0.000000  0.000000  0.000000  
0.000000  0.000000  -1.000000  0.000000  0.000000  0.000000  
0.000000  0.000000  0.000000  -1.000000  0.000000  0.000000  
0.000000  0.000000  0.000000  0.000000  -1.000000  0.000000  
0.000000  0.000000  0.000000  0.000000  0.000000  -1.000000  

F_input #5: 
0.000000  0.000000  0.000000  0.000000  0.000000  0.000000  
0.000000  0.000000  0.000000  0.000000  0.000000  0.000000  
0.000000  0.000000  0.000000  0.000000  0.000000  0.000000  

F_lambda #6: 
0.000000  0.000000  0.000000  0.000000  0.000000  0.000000  
0.000000  0.000000  0.000000  0.000000  0.000000  0.000000  
0.000000  0.000000  0.000000  0.000000  0.000000  0.000000  
0.000000  0.000000  0.000000  0.000000  0.000000  0.000000  
0.000000  0.000000  0.000000  0.000000  0.000000  0.000000  
0.000000  0.000000  0.000000  0.000000  0.000000  0.000000  

F_state #6: 
1.000000  0.000000  0.000000  0.000000  0.000000  0.000000  
0.000000  1.000000  0.000000  0.000000  0.000000  0.000000  
0.000000  0.000000  1.000000  0.000000  0.000000  0.000000  
0.100000  0.000000  0.000000  1.000000  0.000000  0.000000  
0.000000  0.100000  0.000000  0.000000  1.000000  0.000000  
0.000000  0.000000  0.100000  0.000000  0.000000  1.000000  

F_input #6: 
0.500000  0.000000  0.000000  10.000000  0.000000  0.000000  
0.000000  0.500000  0.000000  0.000000  10.000000  0.000000  
0.000000  0.000000  0.500000  0.000000  0.000000  10.000000  

F_lambda #7: 
1.054751  0.000000  0.000000  0.150000  0.000000  0.000000  
0.000000  1.054751  0.000000  0.000000  0.150000  0.000000  
0.000000  0.000000  1.054751  0.000000  0.000000  0.150000  
0.142214  0.000000  0.000000  1.442142  0.000000  0.000000  
0.000000  0.142214  0.000000  0.000000  1.442142  0.000000  
0.000000  0.000000  0.142214  0.000000  0.000000  1.442142  

F_state #7: 
-0.100000  0.000000  0.000000  0.000000  0.000000  0.000000  
0.000000  -0.100000  0.000000  0.000000  0.000000  0.000000  
0.000000  0.000000  -0.100000  0.000000  0.000000  0.000000  
0.000000  0.000000  0.000000  -0.100000  0.000000  0.000000  
0.000000  0.000000  0.000000  0.000000  -0.100000  0.000000  
0.000000  0.000000  0.000000  0.000000  0.000000  -0.100000  

F_input #7: 
0.000000  0.000000  0.000000  0.000000  0.000000  0.000000  
0.000000  0.000000  0.000000  0.000000  0.000000  0.000000  
0.000000  0.000000  0.000000  0.000000  0.000000  0.000000  

LEVEL 1

F_lambda #8: 
-0.996255  0.000000  0.000000  0.024969  0.000000  0.000000  
0.000000  -0.996255  0.000000  0.000000  0.024969  0.000000  
0.000000  0.000000  -0.996255  0.000000  0.000000  0.024969  
-0.124719  0.000000  0.000000  -0.498127  0.000000  0.000000  
0.000000  -0.124719  0.000000  0.000000  -0.498127  0.000000  
0.000000  0.000000  -0.124719  0.000000  0.000000  -0.498127  

F_state #8: 
0.000000  0.000000  0.000000  0.000000  0.000000  0.000000  
0.000000  0.000000  0.000000  0.000000  0.000000  0.000000  
0.000000  0.000000  0.000000  0.000000  0.000000  0.000000  
0.000000  0.000000  0.000000  0.000000  0.000000  0.000000  
0.000000  0.000000  0.000000  0.000000  0.000000  0.000000  
0.000000  0.000000  0.000000  0.000000  0.000000  0.000000  

F_input #8: 
0.749064  0.000000  0.000000  4.993757  0.000000  0.000000  
0.000000  0.749064  0.000000  0.000000  4.993757  0.000000  
0.000000  0.000000  0.749064  0.000000  0.000000  4.993757  

F_lambda #9: 
-0.996255  0.000000  0.000000  0.024969  0.000000  0.000000  
0.000000  -0.996255  0.000000  0.000000  0.024969  0.000000  
0.000000  0.000000  -0.996255  0.000000  0.000000  0.024969  
-0.025094  0.000000  0.000000  -0.500624  0.000000  0.000000  
0.000000  -0.025094  0.000000  0.000000  -0.500624  0.000000  
0.000000  0.000000  -0.025094  0.000000  0.000000  -0.500624  

F_state #9: 
0.003745  0.000000  0.000000  0.024969  0.000000  0.000000  
0.000000  0.003745  0.000000  0.000000  0.024969  0.000000  
0.000000  0.000000  0.003745  0.000000  0.000000  0.024969  
0.074906  0.000000  0.000000  0.499376  0.000000  0.000000  
0.000000  0.074906  0.000000  0.000000  0.499376  0.000000  
0.000000  0.000000  0.074906  0.000000  0.000000  0.499376  

F_input #9: 
0.500000  0.000000  0.000000  10.000000  0.000000  0.000000  
0.000000  0.500000  0.000000  0.000000  10.000000  0.000000  
0.000000  0.000000  0.500000  0.000000  0.000000  10.000000  

F_lambda #10: 
0.717623  0.000000  0.000000  0.099969  0.000000  0.000000  
0.000000  0.717623  0.000000  0.000000  0.099969  0.000000  
0.000000  0.000000  0.717623  0.000000  0.000000  0.099969  
0.139305  0.000000  0.000000  1.464715  0.000000  0.000000  
0.000000  0.139305  0.000000  0.000000  1.464715  0.000000  
0.000000  0.000000  0.139305  0.000000  0.000000  1.464715  

F_state #10: 
-0.501247  0.000000  0.000000  0.024938  0.000000  0.000000  
0.000000  -0.501247  0.000000  0.000000  0.024938  0.000000  
0.000000  0.000000  -0.501247  0.000000  0.000000  0.024938  
0.024938  0.000000  0.000000  -0.665420  0.000000  0.000000  
0.000000  0.024938  0.000000  0.000000  -0.665420  0.000000  
0.000000  0.000000  0.024938  0.000000  0.000000  -0.665420  

F_input #10: 
-0.000000  0.000000  0.000000  3.333333  0.000000  0.000000  
0.000000  -0.000000  0.000000  0.000000  3.333333  0.000000  
0.000000  0.000000  -0.000000  0.000000  0.000000  3.333333  

F_lambda #11: 
-0.498753  0.000000  0.000000  -0.024938  0.000000  0.000000  
0.000000  -0.498753  0.000000  0.000000  -0.024938  0.000000  
0.000000  0.000000  -0.498753  0.000000  0.000000  -0.024938  
0.024938  0.000000  0.000000  -0.332086  0.000000  0.000000  
0.000000  0.024938  0.000000  0.000000  -0.332086  0.000000  
0.000000  0.000000  0.024938  0.000000  0.000000  -0.332086  

F_state #11: 
-0.498753  0.000000  0.000000  -0.024938  0.000000  0.000000  
0.000000  -0.498753  0.000000  0.000000  -0.024938  0.000000  
0.000000  0.000000  -0.498753  0.000000  0.000000  -0.024938  
0.024938  0.000000  0.000000  -0.332086  0.000000  0.000000  
0.000000  0.024938  0.000000  0.000000  -0.332086  0.000000  
0.000000  0.000000  0.024938  0.000000  0.000000  -0.332086  

F_input #11: 
0.000000  0.000000  0.000000  0.000000  0.000000  0.000000  
0.000000  0.000000  0.000000  0.000000  0.000000  0.000000  
0.000000  0.000000  0.000000  0.000000  0.000000  0.000000  

F_lambda #12: 
0.000000  0.000000  0.000000  0.000000  0.000000  0.000000  
0.000000  0.000000  0.000000  0.000000  0.000000  0.000000  
0.000000  0.000000  0.000000  0.000000  0.000000  0.000000  
0.000000  0.000000  0.000000  0.000000  0.000000  0.000000  
0.000000  0.000000  0.000000  0.000000  0.000000  0.000000  
0.000000  0.000000  0.000000  0.000000  0.000000  0.000000  

F_state #12: 
0.496259  0.000000  0.000000  -0.024938  0.000000  0.000000  
0.000000  0.496259  0.000000  0.000000  -0.024938  0.000000  
0.000000  0.000000  0.496259  0.000000  0.000000  -0.024938  
0.058146  0.000000  0.000000  0.332086  0.000000  0.000000  
0.000000  0.058146  0.000000  0.000000  0.332086  0.000000  
0.000000  0.000000  0.058146  0.000000  0.000000  0.332086  

F_input #12: 
0.333333  0.000000  0.000000  3.333333  0.000000  0.000000  
0.000000  0.333333  0.000000  0.000000  3.333333  0.000000  
0.000000  0.000000  0.333333  0.000000  0.000000  3.333333  

F_lambda #13: 
-0.496259  0.000000  0.000000  0.024938  0.000000  0.000000  
0.000000  -0.496259  0.000000  0.000000  0.024938  0.000000  
0.000000  0.000000  -0.496259  0.000000  0.000000  0.024938  
-0.008520  0.000000  0.000000  -0.334580  0.000000  0.000000  
0.000000  -0.008520  0.000000  0.000000  -0.334580  0.000000  
0.000000  0.000000  -0.008520  0.000000  0.000000  -0.334580  

F_state #13: 
0.503741  0.000000  0.000000  0.024938  0.000000  0.000000  
0.000000  0.503741  0.000000  0.000000  0.024938  0.000000  
0.000000  0.000000  0.503741  0.000000  0.000000  0.024938  
0.091480  0.000000  0.000000  0.665420  0.000000  0.000000  
0.000000  0.091480  0.000000  0.000000  0.665420  0.000000  
0.000000  0.000000  0.091480  0.000000  0.000000  0.665420  

F_input #13: 
0.500000  0.000000  0.000000  10.000000  0.000000  0.000000  
0.000000  0.500000  0.000000  0.000000  10.000000  0.000000  
0.000000  0.000000  0.500000  0.000000  0.000000  10.000000  

F_lambda #14: 
0.779597  0.000000  0.000000  0.115548  0.000000  0.000000  
0.000000  0.779597  0.000000  0.000000  0.115548  0.000000  
0.000000  0.000000  0.779597  0.000000  0.000000  0.115548  
0.148215  0.000000  0.000000  1.471911  0.000000  0.000000  
0.000000  0.148215  0.000000  0.000000  1.471911  0.000000  
0.000000  0.000000  0.148215  0.000000  0.000000  1.471911  

F_state #14: 
-0.092382  0.000000  0.000000  0.025932  0.000000  0.000000  
0.000000  -0.092382  0.000000  0.000000  0.025932  0.000000  
0.000000  0.000000  -0.092382  0.000000  0.000000  0.025932  
0.025932  0.000000  0.000000  -0.523069  0.000000  0.000000  
0.000000  0.025932  0.000000  0.000000  -0.523069  0.000000  
0.000000  0.000000  0.025932  0.000000  0.000000  -0.523069  

F_input #14: 
-0.194490  0.000000  0.000000  4.756349  0.000000  0.000000  
0.000000  -0.194490  0.000000  0.000000  4.756349  0.000000  
0.000000  0.000000  -0.194490  0.000000  0.000000  4.756349  

F_lambda #15: 
-0.907618  0.000000  0.000000  -0.025932  0.000000  0.000000  
0.000000  -0.907618  0.000000  0.000000  -0.025932  0.000000  
0.000000  0.000000  -0.907618  0.000000  0.000000  -0.025932  
0.064830  0.000000  0.000000  -0.474338  0.000000  0.000000  
0.000000  0.064830  0.000000  0.000000  -0.474338  0.000000  
0.000000  0.000000  0.064830  0.000000  0.000000  -0.474338  

F_state #15: 
-0.090762  0.000000  0.000000  -0.002593  0.000000  0.000000  
0.000000  -0.090762  0.000000  0.000000  -0.002593  0.000000  
0.000000  0.000000  -0.090762  0.000000  0.000000  -0.002593  
0.006483  0.000000  0.000000  -0.047434  0.000000  0.000000  
0.000000  0.006483  0.000000  0.000000  -0.047434  0.000000  
0.000000  0.000000  0.006483  0.000000  0.000000  -0.047434  

F_input #15: 
0.000000  0.000000  0.000000  0.000000  0.000000  0.000000  
0.000000  0.000000  0.000000  0.000000  0.000000  0.000000  
0.000000  0.000000  0.000000  0.000000  0.000000  0.000000  

LEVEL 2

F_lambda #16: 
-0.963920  0.000000  0.000000  0.082536  0.000000  0.000000  
0.000000  -0.963920  0.000000  0.000000  0.082536  0.000000  
0.000000  0.000000  -0.963920  0.000000  0.000000  0.082536  
-0.111749  0.000000  0.000000  -0.068388  0.000000  0.000000  
0.000000  -0.111749  0.000000  0.000000  -0.068388  0.000000  
0.000000  0.000000  -0.111749  0.000000  0.000000  -0.068388  

F_state #16: 
0.000000  0.000000  0.000000  0.000000  0.000000  0.000000  
0.000000  0.000000  0.000000  0.000000  0.000000  0.000000  
0.000000  0.000000  0.000000  0.000000  0.000000  0.000000  
0.000000  0.000000  0.000000  0.000000  0.000000  0.000000  
0.000000  0.000000  0.000000  0.000000  0.000000  0.000000  
0.000000  0.000000  0.000000  0.000000  0.000000  0.000000  

F_input #16: 
0.635529  0.000000  0.000000  0.725147  0.000000  0.000000  
0.000000  0.635529  0.000000  0.000000  0.725147  0.000000  
0.000000  0.000000  0.635529  0.000000  0.000000  0.725147  

F_lambda #17: 
-0.963920  0.000000  0.000000  0.082536  0.000000  0.000000  
0.000000  -0.963920  0.000000  0.000000  0.082536  0.000000  
0.000000  0.000000  -0.963920  0.000000  0.000000  0.082536  
-0.015357  0.000000  0.000000  -0.076641  0.000000  0.000000  
0.000000  -0.015357  0.000000  0.000000  -0.076641  0.000000  
0.000000  0.000000  -0.015357  0.000000  0.000000  -0.076641  

F_state #17: 
0.003178  0.000000  0.000000  0.003626  0.000000  0.000000  
0.000000  0.003178  0.000000  0.000000  0.003626  0.000000  
0.000000  0.000000  0.003178  0.000000  0.000000  0.003626  
0.063553  0.000000  0.000000  0.072515  0.000000  0.000000  
0.000000  0.063553  0.000000  0.000000  0.072515  0.000000  
0.000000  0.000000  0.063553  0.000000  0.000000  0.072515  

F_input #17: 
0.305550  0.000000  0.000000  1.531016  0.000000  0.000000  
0.000000  0.305550  0.000000  0.000000  1.531016  0.000000  
0.000000  0.000000  0.305550  0.000000  0.000000  1.531016  

F_lambda #18: 
-0.967098  0.000000  0.000000  0.078910  0.000000  0.000000  
0.000000  -0.967098  0.000000  0.000000  0.078910  0.000000  
0.000000  0.000000  -0.967098  0.000000  0.000000  0.078910  
0.017800  0.000000  0.000000  -0.157047  0.000000  0.000000  
0.000000  0.017800  0.000000  0.000000  -0.157047  0.000000  
0.000000  0.000000  0.017800  0.000000  0.000000  -0.157047  

F_state #18: 
0.011061  0.000000  0.000000  0.018532  0.000000  0.000000  
0.000000  0.011061  0.000000  0.000000  0.018532  0.000000  
0.000000  0.000000  0.011061  0.000000  0.000000  0.018532  
0.094108  0.000000  0.000000  0.225616  0.000000  0.000000  
0.000000  0.094108  0.000000  0.000000  0.225616  0.000000  
0.000000  0.000000  0.094108  0.000000  0.000000  0.225616  

F_input #18: 
0.274000  0.000000  0.000000  3.856824  0.000000  0.000000  
0.000000  0.274000  0.000000  0.000000  3.856824  0.000000  
0.000000  0.000000  0.274000  0.000000  0.000000  3.856824  

F_lambda #19: 
-0.978159  0.000000  0.000000  0.060378  0.000000  0.000000  
0.000000  -0.978159  0.000000  0.000000  0.060378  0.000000  
0.000000  0.000000  -0.978159  0.000000  0.000000  0.060378  
0.021508  0.000000  0.000000  -0.388701  0.000000  0.000000  
0.000000  0.021508  0.000000  0.000000  -0.388701  0.000000  
0.000000  0.000000  0.021508  0.000000  0.000000  -0.388701  

F_state #19: 
0.021841  0.000000  0.000000  0.060378  0.000000  0.000000  
0.000000  0.021841  0.000000  0.000000  0.060378  0.000000  
0.000000  0.000000  0.021841  0.000000  0.000000  0.060378  
0.121508  0.000000  0.000000  0.611299  0.000000  0.000000  
0.000000  0.121508  0.000000  0.000000  0.611299  0.000000  
0.000000  0.000000  0.121508  0.000000  0.000000  0.611299  

F_input #19: 
0.500000  0.000000  0.000000  10.000000  0.000000  0.000000  
0.000000  0.500000  0.000000  0.000000  10.000000  0.000000  
0.000000  0.000000  0.500000  0.000000  0.000000  10.000000  

F_lambda #20: 
0.000000  0.000000  0.000000  0.000000  0.000000  0.000000  
0.000000  0.000000  0.000000  0.000000  0.000000  0.000000  
0.000000  0.000000  0.000000  0.000000  0.000000  0.000000  
0.000000  0.000000  0.000000  0.000000  0.000000  0.000000  
0.000000  0.000000  0.000000  0.000000  0.000000  0.000000  
0.000000  0.000000  0.000000  0.000000  0.000000  0.000000  

F_state #20: 
-0.089472  0.000000  0.000000  0.054740  0.000000  0.000000  
0.000000  -0.089472  0.000000  0.000000  0.054740  0.000000  
0.000000  0.000000  -0.089472  0.000000  0.000000  0.054740  
0.054740  0.000000  0.000000  -0.612287  0.000000  0.000000  
0.000000  0.054740  0.000000  0.000000  -0.612287  0.000000  
0.000000  0.000000  0.054740  0.000000  0.000000  -0.612287  

F_input #20: 
0.092136  0.000000  0.000000  3.849762  0.000000  0.000000  
0.000000  0.092136  0.000000  0.000000  3.849762  0.000000  
0.000000  0.000000  0.092136  0.000000  0.000000  3.849762  

F_lambda #21: 
-0.910528  0.000000  0.000000  -0.054740  0.000000  0.000000  
0.000000  -0.910528  0.000000  0.000000  -0.054740  0.000000  
0.000000  0.000000  -0.910528  0.000000  0.000000  -0.054740  
0.036313  0.000000  0.000000  -0.382239  0.000000  0.000000  
0.000000  0.036313  0.000000  0.000000  -0.382239  0.000000  
0.000000  0.000000  0.036313  0.000000  0.000000  -0.382239  

F_state #21: 
-0.083537  0.000000  0.000000  0.012760  0.000000  0.000000  
0.000000  -0.083537  0.000000  0.000000  0.012760  0.000000  
0.000000  0.000000  -0.083537  0.000000  0.000000  0.012760  
0.063954  0.000000  0.000000  -0.227311  0.000000  0.000000  
0.000000  0.063954  0.000000  0.000000  -0.227311  0.000000  
0.000000  0.000000  0.063954  0.000000  0.000000  -0.227311  

F_input #21: 
-0.137088  0.000000  0.000000  1.515535  0.000000  0.000000  
0.000000  -0.137088  0.000000  0.000000  1.515535  0.000000  
0.000000  0.000000  -0.137088  0.000000  0.000000  1.515535  

F_lambda #22: 
-0.826991  0.000000  0.000000  -0.067500  0.000000  0.000000  
0.000000  -0.826991  0.000000  0.000000  -0.067500  0.000000  
0.000000  0.000000  -0.826991  0.000000  0.000000  -0.067500  
0.055058  0.000000  0.000000  -0.148179  0.000000  0.000000  
0.000000  0.055058  0.000000  0.000000  -0.148179  0.000000  
0.000000  0.000000  0.055058  0.000000  0.000000  -0.148179  

F_state #22: 
-0.077827  0.000000  0.000000  -0.002393  0.000000  0.000000  
0.000000  -0.077827  0.000000  0.000000  -0.002393  0.000000  
0.000000  0.000000  -0.077827  0.000000  0.000000  -0.002393  
0.050245  0.000000  0.000000  -0.075757  0.000000  0.000000  
0.000000  0.050245  0.000000  0.000000  -0.075757  0.000000  
0.000000  0.000000  0.050245  0.000000  0.000000  -0.075757  

F_input #22: 
-0.422718  0.000000  0.000000  0.691661  0.000000  0.000000  
0.000000  -0.422718  0.000000  0.000000  0.691661  0.000000  
0.000000  0.000000  -0.422718  0.000000  0.000000  0.691661  

F_lambda #23: 
-0.749164  0.000000  0.000000  -0.065107  0.000000  0.000000  
0.000000  -0.749164  0.000000  0.000000  -0.065107  0.000000  
0.000000  0.000000  -0.749164  0.000000  0.000000  -0.065107  
0.079730  0.000000  0.000000  -0.065911  0.000000  0.000000  
0.000000  0.079730  0.000000  0.000000  -0.065911  0.000000  
0.000000  0.000000  0.079730  0.000000  0.000000  -0.065911  

F_state #23: 
-0.074916  0.000000  0.000000  -0.006511  0.000000  0.000000  
0.000000  -0.074916  0.000000  0.000000  -0.006511  0.000000  
0.000000  0.000000  -0.074916  0.000000  0.000000  -0.006511  
0.007973  0.000000  0.000000  -0.006591  0.000000  0.000000  
0.000000  0.007973  0.000000  0.000000  -0.006591  0.000000  
0.000000  0.000000  0.007973  0.000000  0.000000  -0.006591  

F_input #23: 
0.000000  0.000000  0.000000  0.000000  0.000000  0.000000  
0.000000  0.000000  0.000000  0.000000  0.000000  0.000000  
0.000000  0.000000  0.000000  0.000000  0.000000  0.000000  

d0: 
-1.000000  -2.200000  1.600000  -1.600000  4.200000  -1.000000  

q0: 
1.000000  -1.000000  2.000000  -2.000000  3.000000  -3.000000  

r0: 
100.000000  0.000000  -100.000000  

d1: 
-1.500000  -1.500000  -1.500000  -1.500000  -1.500000  -1.500000  

q1: 
4.000000  2.400000  0.800000  -0.800000  -2.400000  -4.000000  

r1: 
200.000000  0.000000  -200.000000  

d2: 
-3.000000  -3.000000  -3.000000  -3.000000  -3.000000  -3.000000  

q2: 
6.000000  3.600000  1.200000  -1.200000  -3.600000  -6.000000  

r2: 
300.000000  0.000000  -300.000000  

d3: 
-4.500000  -4.500000  -4.500000  -4.500000  -4.500000  -4.500000  

q3: 
8.000000  4.800000  1.600000  -1.600000  -4.800000  -8.000000  

r3: 
400.000000  0.000000  -400.000000  

d4: 
-6.000000  -6.000000  -6.000000  -6.000000  -6.000000  -6.000000  

q4: 
10.000000  6.000000  2.000000  -2.000000  -6.000000  -10.000000  

r4: 
500.000000  0.000000  -500.000000  

d5: 
-7.500000  -7.500000  -7.500000  -7.500000  -7.500000  -7.500000  

q5: 
12.000000  7.200000  2.400000  -2.400000  -7.200000  -12.000000  

r5: 
600.000000  0.000000  -600.000000  

d6: 
-9.000000  -9.000000  -9.000000  -9.000000  -9.000000  -9.000000  

q6: 
14.000000  8.400000  2.800000  -2.800000  -8.400000  -14.000000  

r6: 
700.000000  0.000000  -700.000000  

d7: 
-10.500000  -10.500000  -10.500000  -10.500000  -10.500000  -10.500000  

q7: 
16.000000  9.599999  3.200000  -3.200000  -9.599999  -16.000000  
After  shur loop, level 2 

LEVEL 0

F_lambda #0: 
-1.000000  -0.000000  -0.000000  -0.000000  -0.000000  -0.000000  
-0.000000  -1.000000  -0.000000  -0.000000  -0.000000  -0.000000  
-0.000000  -0.000000  -1.000000  -0.000000  -0.000000  -0.000000  
-0.100000  -0.000000  -0.000000  -1.000000  -0.000000  -0.000000  
-0.000000  -0.100000  -0.000000  -0.000000  -1.000000  -0.000000  
-0.000000  -0.000000  -0.100000  -0.000000  -0.000000  -1.000000  

F_state #0: 
0.000000  0.000000  0.000000  0.000000  0.000000  0.000000  
0.000000  0.000000  0.000000  0.000000  0.000000  0.000000  
0.000000  0.000000  0.000000  0.000000  0.000000  0.000000  
0.000000  0.000000  0.000000  0.000000  0.000000  0.000000  
0.000000  0.000000  0.000000  0.000000  0.000000  0.000000  
0.000000  0.000000  0.000000  0.000000  0.000000  0.000000  

F_input #0: 
0.500000  0.000000  0.000000  10.000000  0.000000  0.000000  
0.000000  0.500000  0.000000  0.000000  10.000000  0.000000  
0.000000  0.000000  0.500000  0.000000  0.000000  10.000000  

F_lambda #1: 
1.001249  0.000000  0.000000  0.050000  0.000000  0.000000  
0.000000  1.001249  0.000000  0.000000  0.050000  0.000000  
0.000000  0.000000  1.001249  0.000000  0.000000  0.050000  
0.049938  0.000000  0.000000  1.413332  0.000000  0.000000  
0.000000  0.049938  0.000000  0.000000  1.413332  0.000000  
0.000000  0.000000  0.049938  0.000000  0.000000  1.413332  

F_state #1: 
-1.000000  0.000000  0.000000  0.000000  0.000000  0.000000  
0.000000  -1.000000  0.000000  0.000000  0.000000  0.000000  
0.000000  0.000000  -1.000000  0.000000  0.000000  0.000000  
0.000000  0.000000  0.000000  -1.000000  0.000000  0.000000  
0.000000  0.000000  0.000000  0.000000  -1.000000  0.000000  
0.000000  0.000000  0.000000  0.000000  0.000000  -1.000000  

F_input #1: 
0.000000  0.000000  0.000000  0.000000  0.000000  0.000000  
0.000000  0.000000  0.000000  0.000000  0.000000  0.000000  
0.000000  0.000000  0.000000  0.000000  0.000000  0.000000  

F_lambda #2: 
0.000000  0.000000  0.000000  0.000000  0.000000  0.000000  
0.000000  0.000000  0.000000  0.000000  0.000000  0.000000  
0.000000  0.000000  0.000000  0.000000  0.000000  0.000000  
0.000000  0.000000  0.000000  0.000000  0.000000  0.000000  
0.000000  0.000000  0.000000  0.000000  0.000000  0.000000  
0.000000  0.000000  0.000000  0.000000  0.000000  0.000000  

F_state #2: 
1.000000  0.000000  0.000000  0.000000  0.000000  0.000000  
0.000000  1.000000  0.000000  0.000000  0.000000  0.000000  
0.000000  0.000000  1.000000  0.000000  0.000000  0.000000  
0.100000  0.000000  0.000000  1.000000  0.000000  0.000000  
0.000000  0.100000  0.000000  0.000000  1.000000  0.000000  
0.000000  0.000000  0.100000  0.000000  0.000000  1.000000  

F_input #2: 
0.500000  0.000000  0.000000  10.000000  0.000000  0.000000  
0.000000  0.500000  0.000000  0.000000  10.000000  0.000000  
0.000000  0.000000  0.500000  0.000000  0.000000  10.000000  

F_lambda #3: 
1.418626  0.000000  0.000000  0.150000  0.000000  0.000000  
0.000000  1.418626  0.000000  0.000000  0.150000  0.000000  
0.000000  0.000000  1.418626  0.000000  0.000000  0.150000  
0.105736  0.000000  0.000000  1.728820  0.000000  0.000000  
0.000000  0.105736  0.000000  0.000000  1.728820  0.000000  
0.000000  0.000000  0.105736  0.000000  0.000000  1.728820  

F_state #3: 
-1.000000  0.000000  0.000000  0.000000  0.000000  0.000000  
0.000000  -1.000000  0.000000  0.000000  0.000000  0.000000  
0.000000  0.000000  -1.000000  0.000000  0.000000  0.000000  
0.000000  0.000000  0.000000  -1.000000  0.000000  0.000000  
0.000000  0.000000  0.000000  0.000000  -1.000000  0.000000  
0.000000  0.000000  0.000000  0.000000  0.000000  -1.000000  

F_input #3: 
0.000000  0.000000  0.000000  0.000000  0.000000  0.000000  
0.000000  0.000000  0.000000  0.000000  0.000000  0.000000  
0.000000  0.000000  0.000000  0.000000  0.000000  0.000000  

F_lambda #4: 
0.000000  0.000000  0.000000  0.000000  0.000000  0.000000  
0.000000  0.000000  0.000000  0.000000  0.000000  0.000000  
0.000000  0.000000  0.000000  0.000000  0.000000  0.000000  
0.000000  0.000000  0.000000  0.000000  0.000000  0.000000  
0.000000  0.000000  0.000000  0.000000  0.000000  0.000000  
0.000000  0.000000  0.000000  0.000000  0.000000  0.000000  

F_state #4: 
1.000000  0.000000  0.000000  0.000000  0.000000  0.000000  
0.000000  1.000000  0.000000  0.000000  0.000000  0.000000  
0.000000  0.000000  1.000000  0.000000  0.000000  0.000000  
0.100000  0.000000  0.000000  1.000000  0.000000  0.000000  
0.000000  0.100000  0.000000  0.000000  1.000000  0.000000  
0.000000  0.000000  0.100000  0.000000  0.000000  1.000000  

F_input #4: 
0.500000  0.000000  0.000000  10.000000  0.000000  0.000000  
0.000000  0.500000  0.000000  0.000000  10.000000  0.000000  
0.000000  0.000000  0.500000  0.000000  0.000000  10.000000  

F_lambda #5: 
1.418626  0.000000  0.000000  0.150000  0.000000  0.000000  
0.000000  1.418626  0.000000  0.000000  0.150000  0.000000  
0.000000  0.000000  1.418626  0.000000  0.000000  0.150000  
0.105736  0.000000  0.000000  1.728820  0.000000  0.000000  
0.000000  0.105736  0.000000  0.000000  1.728820  0.000000  
0.000000  0.000000  0.105736  0.000000  0.000000  1.728820  

F_state #5: 
-1.000000  0.000000  0.000000  0.000000  0.000000  0.000000  
0.000000  -1.000000  0.000000  0.000000  0.000000  0.000000  
0.000000  0.000000  -1.000000  0.000000  0.000000  0.000000  
0.000000  0.000000  0.000000  -1.000000  0.000000  0.000000  
0.000000  0.000000  0.000000  0.000000  -1.000000  0.000000  
0.000000  0.000000  0.000000  0.000000  0.000000  -1.000000  

F_input #5: 
0.000000  0.000000  0.000000  0.000000  0.000000  0.000000  
0.000000  0.000000  0.000000  0.000000  0.000000  0.000000  
0.000000  0.000000  0.000000  0.000000  0.000000  0.000000  

F_lambda #6: 
0.000000  0.000000  0.000000  0.000000  0.000000  0.000000  
0.000000  0.000000  0.000000  0.000000  0.000000  0.000000  
0.000000  0.000000  0.000000  0.000000  0.000000  0.000000  
0.000000  0.000000  0.000000  0.000000  0.000000  0.000000  
0.000000  0.000000  0.000000  0.000000  0.000000  0.000000  
0.000000  0.000000  0.000000  0.000000  0.000000  0.000000  

F_state #6: 
1.000000  0.000000  0.000000  0.000000  0.000000  0.000000  
0.000000  1.000000  0.000000  0.000000  0.000000  0.000000  
0.000000  0.000000  1.000000  0.000000  0.000000  0.000000  
0.100000  0.000000  0.000000  1.000000  0.000000  0.000000  
0.000000  0.100000  0.000000  0.000000  1.000000  0.000000  
0.000000  0.000000  0.100000  0.000000  0.000000  1.000000  

F_input #6: 
0.500000  0.000000  0.000000  10.000000  0.000000  0.000000  
0.000000  0.500000  0.000000  0.000000  10.000000  0.000000  
0.000000  0.000000  0.500000  0.000000  0.000000  10.000000  

F_lambda #7: 
1.054751  0.000000  0.000000  0.150000  0.000000  0.000000  
0.000000  1.054751  0.000000  0.000000  0.150000  0.000000  
0.000000  0.000000  1.054751  0.000000  0.000000  0.150000  
0.142214  0.000000  0.000000  1.442142  0.000000  0.000000  
0.000000  0.142214  0.000000  0.000000  1.442142  0.000000  
0.000000  0.000000  0.142214  0.000000  0.000000  1.442142  

F_state #7: 
-0.100000  0.000000  0.000000  0.000000  0.000000  0.000000  
0.000000  -0.100000  0.000000  0.000000  0.000000  0.000000  
0.000000  0.000000  -0.100000  0.000000  0.000000  0.000000  
0.000000  0.000000  0.000000  -0.100000  0.000000  0.000000  
0.000000  0.000000  0.000000  0.000000  -0.100000  0.000000  
0.000000  0.000000  0.000000  0.000000  0.000000  -0.100000  

F_input #7: 
0.000000  0.000000  0.000000  0.000000  0.000000  0.000000  
0.000000  0.000000  0.000000  0.000000  0.000000  0.000000  
0.000000  0.000000  0.000000  0.000000  0.000000  0.000000  

LEVEL 1

F_lambda #8: 
-0.996255  0.000000  0.000000  0.024969  0.000000  0.000000  
0.000000  -0.996255  0.000000  0.000000  0.024969  0.000000  
0.000000  0.000000  -0.996255  0.000000  0.000000  0.024969  
-0.124719  0.000000  0.000000  -0.498127  0.000000  0.000000  
0.000000  -0.124719  0.000000  0.000000  -0.498127  0.000000  
0.000000  0.000000  -0.124719  0.000000  0.000000  -0.498127  

F_state #8: 
0.000000  0.000000  0.000000  0.000000  0.000000  0.000000  
0.000000  0.000000  0.000000  0.000000  0.000000  0.000000  
0.000000  0.000000  0.000000  0.000000  0.000000  0.000000  
0.000000  0.000000  0.000000  0.000000  0.000000  0.000000  
0.000000  0.000000  0.000000  0.000000  0.000000  0.000000  
0.000000  0.000000  0.000000  0.000000  0.000000  0.000000  

F_input #8: 
0.749064  0.000000  0.000000  4.993757  0.000000  0.000000  
0.000000  0.749064  0.000000  0.000000  4.993757  0.000000  
0.000000  0.000000  0.749064  0.000000  0.000000  4.993757  

F_lambda #9: 
-0.996255  0.000000  0.000000  0.024969  0.000000  0.000000  
0.000000  -0.996255  0.000000  0.000000  0.024969  0.000000  
0.000000  0.000000  -0.996255  0.000000  0.000000  0.024969  
-0.025094  0.000000  0.000000  -0.500624  0.000000  0.000000  
0.000000  -0.025094  0.000000  0.000000  -0.500624  0.000000  
0.000000  0.000000  -0.025094  0.000000  0.000000  -0.500624  

F_state #9: 
0.003745  0.000000  0.000000  0.024969  0.000000  0.000000  
0.000000  0.003745  0.000000  0.000000  0.024969  0.000000  
0.000000  0.000000  0.003745  0.000000  0.000000  0.024969  
0.074906  0.000000  0.000000  0.499376  0.000000  0.000000  
0.000000  0.074906  0.000000  0.000000  0.499376  0.000000  
0.000000  0.000000  0.074906  0.000000  0.000000  0.499376  

F_input #9: 
0.500000  0.000000  0.000000  10.000000  0.000000  0.000000  
0.000000  0.500000  0.000000  0.000000  10.000000  0.000000  
0.000000  0.000000  0.500000  0.000000  0.000000  10.000000  

F_lambda #10: 
0.717623  0.000000  0.000000  0.099969  0.000000  0.000000  
0.000000  0.717623  0.000000  0.000000  0.099969  0.000000  
0.000000  0.000000  0.717623  0.000000  0.000000  0.099969  
0.139305  0.000000  0.000000  1.464715  0.000000  0.000000  
0.000000  0.139305  0.000000  0.000000  1.464715  0.000000  
0.000000  0.000000  0.139305  0.000000  0.000000  1.464715  

F_state #10: 
-0.501247  0.000000  0.000000  0.024938  0.000000  0.000000  
0.000000  -0.501247  0.000000  0.000000  0.024938  0.000000  
0.000000  0.000000  -0.501247  0.000000  0.000000  0.024938  
0.024938  0.000000  0.000000  -0.665420  0.000000  0.000000  
0.000000  0.024938  0.000000  0.000000  -0.665420  0.000000  
0.000000  0.000000  0.024938  0.000000  0.000000  -0.665420  

F_input #10: 
-0.000000  0.000000  0.000000  3.333333  0.000000  0.000000  
0.000000  -0.000000  0.000000  0.000000  3.333333  0.000000  
0.000000  0.000000  -0.000000  0.000000  0.000000  3.333333  

F_lambda #11: 
-0.498753  0.000000  0.000000  -0.024938  0.000000  0.000000  
0.000000  -0.498753  0.000000  0.000000  -0.024938  0.000000  
0.000000  0.000000  -0.498753  0.000000  0.000000  -0.024938  
0.024938  0.000000  0.000000  -0.332086  0.000000  0.000000  
0.000000  0.024938  0.000000  0.000000  -0.332086  0.000000  
0.000000  0.000000  0.024938  0.000000  0.000000  -0.332086  

F_state #11: 
-0.498753  0.000000  0.000000  -0.024938  0.000000  0.000000  
0.000000  -0.498753  0.000000  0.000000  -0.024938  0.000000  
0.000000  0.000000  -0.498753  0.000000  0.000000  -0.024938  
0.024938  0.000000  0.000000  -0.332086  0.000000  0.000000  
0.000000  0.024938  0.000000  0.000000  -0.332086  0.000000  
0.000000  0.000000  0.024938  0.000000  0.000000  -0.332086  

F_input #11: 
0.000000  0.000000  0.000000  0.000000  0.000000  0.000000  
0.000000  0.000000  0.000000  0.000000  0.000000  0.000000  
0.000000  0.000000  0.000000  0.000000  0.000000  0.000000  

F_lambda #12: 
0.000000  0.000000  0.000000  0.000000  0.000000  0.000000  
0.000000  0.000000  0.000000  0.000000  0.000000  0.000000  
0.000000  0.000000  0.000000  0.000000  0.000000  0.000000  
0.000000  0.000000  0.000000  0.000000  0.000000  0.000000  
0.000000  0.000000  0.000000  0.000000  0.000000  0.000000  
0.000000  0.000000  0.000000  0.000000  0.000000  0.000000  

F_state #12: 
0.496259  0.000000  0.000000  -0.024938  0.000000  0.000000  
0.000000  0.496259  0.000000  0.000000  -0.024938  0.000000  
0.000000  0.000000  0.496259  0.000000  0.000000  -0.024938  
0.058146  0.000000  0.000000  0.332086  0.000000  0.000000  
0.000000  0.058146  0.000000  0.000000  0.332086  0.000000  
0.000000  0.000000  0.058146  0.000000  0.000000  0.332086  

F_input #12: 
0.333333  0.000000  0.000000  3.333333  0.000000  0.000000  
0.000000  0.333333  0.000000  0.000000  3.333333  0.000000  
0.000000  0.000000  0.333333  0.000000  0.000000  3.333333  

F_lambda #13: 
-0.496259  0.000000  0.000000  0.024938  0.000000  0.000000  
0.000000  -0.496259  0.000000  0.000000  0.024938  0.000000  
0.000000  0.000000  -0.496259  0.000000  0.000000  0.024938  
-0.008520  0.000000  0.000000  -0.334580  0.000000  0.000000  
0.000000  -0.008520  0.000000  0.000000  -0.334580  0.000000  
0.000000  0.000000  -0.008520  0.000000  0.000000  -0.334580  

F_state #13: 
0.503741  0.000000  0.000000  0.024938  0.000000  0.000000  
0.000000  0.503741  0.000000  0.000000  0.024938  0.000000  
0.000000  0.000000  0.503741  0.000000  0.000000  0.024938  
0.091480  0.000000  0.000000  0.665420  0.000000  0.000000  
0.000000  0.091480  0.000000  0.000000  0.665420  0.000000  
0.000000  0.000000  0.091480  0.000000  0.000000  0.665420  

F_input #13: 
0.500000  0.000000  0.000000  10.000000  0.000000  0.000000  
0.000000  0.500000  0.000000  0.000000  10.000000  0.000000  
0.000000  0.000000  0.500000  0.000000  0.000000  10.000000  

F_lambda #14: 
0.779597  0.000000  0.000000  0.115548  0.000000  0.000000  
0.000000  0.779597  0.000000  0.000000  0.115548  0.000000  
0.000000  0.000000  0.779597  0.000000  0.000000  0.115548  
0.148215  0.000000  0.000000  1.471911  0.000000  0.000000  
0.000000  0.148215  0.000000  0.000000  1.471911  0.000000  
0.000000  0.000000  0.148215  0.000000  0.000000  1.471911  

F_state #14: 
-0.092382  0.000000  0.000000  0.025932  0.000000  0.000000  
0.000000  -0.092382  0.000000  0.000000  0.025932  0.000000  
0.000000  0.000000  -0.092382  0.000000  0.000000  0.025932  
0.025932  0.000000  0.000000  -0.523069  0.000000  0.000000  
0.000000  0.025932  0.000000  0.000000  -0.523069  0.000000  
0.000000  0.000000  0.025932  0.000000  0.000000  -0.523069  

F_input #14: 
-0.194490  0.000000  0.000000  4.756349  0.000000  0.000000  
0.000000  -0.194490  0.000000  0.000000  4.756349  0.000000  
0.000000  0.000000  -0.194490  0.000000  0.000000  4.756349  

F_lambda #15: 
-0.907618  0.000000  0.000000  -0.025932  0.000000  0.000000  
0.000000  -0.907618  0.000000  0.000000  -0.025932  0.000000  
0.000000  0.000000  -0.907618  0.000000  0.000000  -0.025932  
0.064830  0.000000  0.000000  -0.474338  0.000000  0.000000  
0.000000  0.064830  0.000000  0.000000  -0.474338  0.000000  
0.000000  0.000000  0.064830  0.000000  0.000000  -0.474338  

F_state #15: 
-0.090762  0.000000  0.000000  -0.002593  0.000000  0.000000  
0.000000  -0.090762  0.000000  0.000000  -0.002593  0.000000  
0.000000  0.000000  -0.090762  0.000000  0.000000  -0.002593  
0.006483  0.000000  0.000000  -0.047434  0.000000  0.000000  
0.000000  0.006483  0.000000  0.000000  -0.047434  0.000000  
0.000000  0.000000  0.006483  0.000000  0.000000  -0.047434  

F_input #15: 
0.000000  0.000000  0.000000  0.000000  0.000000  0.000000  
0.000000  0.000000  0.000000  0.000000  0.000000  0.000000  
0.000000  0.000000  0.000000  0.000000  0.000000  0.000000  

LEVEL 2

F_lambda #16: 
-0.963920  0.000000  0.000000  0.082536  0.000000  0.000000  
0.000000  -0.963920  0.000000  0.000000  0.082536  0.000000  
0.000000  0.000000  -0.963920  0.000000  0.000000  0.082536  
-0.111749  0.000000  0.000000  -0.068388  0.000000  0.000000  
0.000000  -0.111749  0.000000  0.000000  -0.068388  0.000000  
0.000000  0.000000  -0.111749  0.000000  0.000000  -0.068388  

F_state #16: 
0.000000  0.000000  0.000000  0.000000  0.000000  0.000000  
0.000000  0.000000  0.000000  0.000000  0.000000  0.000000  
0.000000  0.000000  0.000000  0.000000  0.000000  0.000000  
0.000000  0.000000  0.000000  0.000000  0.000000  0.000000  
0.000000  0.000000  0.000000  0.000000  0.000000  0.000000  
0.000000  0.000000  0.000000  0.000000  0.000000  0.000000  

F_input #16: 
0.635529  0.000000  0.000000  0.725147  0.000000  0.000000  
0.000000  0.635529  0.000000  0.000000  0.725147  0.000000  
0.000000  0.000000  0.635529  0.000000  0.000000  0.725147  

F_lambda #17: 
-0.963920  0.000000  0.000000  0.082536  0.000000  0.000000  
0.000000  -0.963920  0.000000  0.000000  0.082536  0.000000  
0.000000  0.000000  -0.963920  0.000000  0.000000  0.082536  
-0.015357  0.000000  0.000000  -0.076641  0.000000  0.000000  
0.000000  -0.015357  0.000000  0.000000  -0.076641  0.000000  
0.000000  0.000000  -0.015357  0.000000  0.000000  -0.076641  

F_state #17: 
0.003178  0.000000  0.000000  0.003626  0.000000  0.000000  
0.000000  0.003178  0.000000  0.000000  0.003626  0.000000  
0.000000  0.000000  0.003178  0.000000  0.000000  0.003626  
0.063553  0.000000  0.000000  0.072515  0.000000  0.000000  
0.000000  0.063553  0.000000  0.000000  0.072515  0.000000  
0.000000  0.000000  0.063553  0.000000  0.000000  0.072515  

F_input #17: 
0.305550  0.000000  0.000000  1.531016  0.000000  0.000000  
0.000000  0.305550  0.000000  0.000000  1.531016  0.000000  
0.000000  0.000000  0.305550  0.000000  0.000000  1.531016  

F_lambda #18: 
-0.967098  0.000000  0.000000  0.078910  0.000000  0.000000  
0.000000  -0.967098  0.000000  0.000000  0.078910  0.000000  
0.000000  0.000000  -0.967098  0.000000  0.000000  0.078910  
0.017800  0.000000  0.000000  -0.157047  0.000000  0.000000  
0.000000  0.017800  0.000000  0.000000  -0.157047  0.000000  
0.000000  0.000000  0.017800  0.000000  0.000000  -0.157047  

F_state #18: 
0.011061  0.000000  0.000000  0.018532  0.000000  0.000000  
0.000000  0.011061  0.000000  0.000000  0.018532  0.000000  
0.000000  0.000000  0.011061  0.000000  0.000000  0.018532  
0.094108  0.000000  0.000000  0.225616  0.000000  0.000000  
0.000000  0.094108  0.000000  0.000000  0.225616  0.000000  
0.000000  0.000000  0.094108  0.000000  0.000000  0.225616  

F_input #18: 
0.274000  0.000000  0.000000  3.856824  0.000000  0.000000  
0.000000  0.274000  0.000000  0.000000  3.856824  0.000000  
0.000000  0.000000  0.274000  0.000000  0.000000  3.856824  

F_lambda #19: 
-0.978159  0.000000  0.000000  0.060378  0.000000  0.000000  
0.000000  -0.978159  0.000000  0.000000  0.060378  0.000000  
0.000000  0.000000  -0.978159  0.000000  0.000000  0.060378  
0.021508  0.000000  0.000000  -0.388701  0.000000  0.000000  
0.000000  0.021508  0.000000  0.000000  -0.388701  0.000000  
0.000000  0.000000  0.021508  0.000000  0.000000  -0.388701  

F_state #19: 
0.021841  0.000000  0.000000  0.060378  0.000000  0.000000  
0.000000  0.021841  0.000000  0.000000  0.060378  0.000000  
0.000000  0.000000  0.021841  0.000000  0.000000  0.060378  
0.121508  0.000000  0.000000  0.611299  0.000000  0.000000  
0.000000  0.121508  0.000000  0.000000  0.611299  0.000000  
0.000000  0.000000  0.121508  0.000000  0.000000  0.611299  

F_input #19: 
0.500000  0.000000  0.000000  10.000000  0.000000  0.000000  
0.000000  0.500000  0.000000  0.000000  10.000000  0.000000  
0.000000  0.000000  0.500000  0.000000  0.000000  10.000000  

F_lambda #20: 
0.354914  0.000000  0.000000  0.116768  0.000000  0.000000  
0.000000  0.354914  0.000000  0.000000  0.116768  0.000000  
0.000000  0.000000  0.354914  0.000000  0.000000  0.116768  
0.329003  0.000000  0.000000  1.454422  0.000000  0.000000  
0.000000  0.329003  0.000000  0.000000  1.454422  0.000000  
0.000000  0.000000  0.329003  0.000000  0.000000  1.454422  

F_state #20: 
-0.089472  0.000000  0.000000  0.054740  0.000000  0.000000  
0.000000  -0.089472  0.000000  0.000000  0.054740  0.000000  
0.000000  0.000000  -0.089472  0.000000  0.000000  0.054740  
0.054740  0.000000  0.000000  -0.612287  0.000000  0.000000  
0.000000  0.054740  0.000000  0.000000  -0.612287  0.000000  
0.000000  0.000000  0.054740  0.000000  0.000000  -0.612287  

F_input #20: 
0.092136  0.000000  0.000000  3.849762  0.000000  0.000000  
0.000000  0.092136  0.000000  0.000000  3.849762  0.000000  
0.000000  0.000000  0.092136  0.000000  0.000000  3.849762  

F_lambda #21: 
-0.910528  0.000000  0.000000  -0.054740  0.000000  0.000000  
0.000000  -0.910528  0.000000  0.000000  -0.054740  0.000000  
0.000000  0.000000  -0.910528  0.000000  0.000000  -0.054740  
0.036313  0.000000  0.000000  -0.382239  0.000000  0.000000  
0.000000  0.036313  0.000000  0.000000  -0.382239  0.000000  
0.000000  0.000000  0.036313  0.000000  0.000000  -0.382239  

F_state #21: 
-0.083537  0.000000  0.000000  0.012760  0.000000  0.000000  
0.000000  -0.083537  0.000000  0.000000  0.012760  0.000000  
0.000000  0.000000  -0.083537  0.000000  0.000000  0.012760  
0.063954  0.000000  0.000000  -0.227311  0.000000  0.000000  
0.000000  0.063954  0.000000  0.000000  -0.227311  0.000000  
0.000000  0.000000  0.063954  0.000000  0.000000  -0.227311  

F_input #21: 
-0.137088  0.000000  0.000000  1.515535  0.000000  0.000000  
0.000000  -0.137088  0.000000  0.000000  1.515535  0.000000  
0.000000  0.000000  -0.137088  0.000000  0.000000  1.515535  

F_lambda #22: 
-0.826991  0.000000  0.000000  -0.067500  0.000000  0.000000  
0.000000  -0.826991  0.000000  0.000000  -0.067500  0.000000  
0.000000  0.000000  -0.826991  0.000000  0.000000  -0.067500  
0.055058  0.000000  0.000000  -0.148179  0.000000  0.000000  
0.000000  0.055058  0.000000  0.000000  -0.148179  0.000000  
0.000000  0.000000  0.055058  0.000000  0.000000  -0.148179  

F_state #22: 
-0.077827  0.000000  0.000000  -0.002393  0.000000  0.000000  
0.000000  -0.077827  0.000000  0.000000  -0.002393  0.000000  
0.000000  0.000000  -0.077827  0.000000  0.000000  -0.002393  
0.050245  0.000000  0.000000  -0.075757  0.000000  0.000000  
0.000000  0.050245  0.000000  0.000000  -0.075757  0.000000  
0.000000  0.000000  0.050245  0.000000  0.000000  -0.075757  

F_input #22: 
-0.422718  0.000000  0.000000  0.691661  0.000000  0.000000  
0.000000  -0.422718  0.000000  0.000000  0.691661  0.000000  
0.000000  0.000000  -0.422718  0.000000  0.000000  0.691661  

F_lambda #23: 
-0.749164  0.000000  0.000000  -0.065107  0.000000  0.000000  
0.000000  -0.749164  0.000000  0.000000  -0.065107  0.000000  
0.000000  0.000000  -0.749164  0.000000  0.000000  -0.065107  
0.079730  0.000000  0.000000  -0.065911  0.000000  0.000000  
0.000000  0.079730  0.000000  0.000000  -0.065911  0.000000  
0.000000  0.000000  0.079730  0.000000  0.000000  -0.065911  

F_state #23: 
-0.074916  0.000000  0.000000  -0.006511  0.000000  0.000000  
0.000000  -0.074916  0.000000  0.000000  -0.006511  0.000000  
0.000000  0.000000  -0.074916  0.000000  0.000000  -0.006511  
0.007973  0.000000  0.000000  -0.006591  0.000000  0.000000  
0.000000  0.007973  0.000000  0.000000  -0.006591  0.000000  
0.000000  0.000000  0.007973  0.000000  0.000000  -0.006591  

F_input #23: 
0.000000  0.000000  0.000000  0.000000  0.000000  0.000000  
0.000000  0.000000  0.000000  0.000000  0.000000  0.000000  
0.000000  0.000000  0.000000  0.000000  0.000000  0.000000  

d0: 
-1.000000  -2.200000  1.600000  -1.600000  4.200000  -1.000000  

q0: 
1.000000  -1.000000  2.000000  -2.000000  3.000000  -3.000000  

r0: 
100.000000  0.000000  -100.000000  

d1: 
-1.500000  -1.500000  -1.500000  -1.500000  -1.500000  -1.500000  

q1: 
4.000000  2.400000  0.800000  -0.800000  -2.400000  -4.000000  

r1: 
200.000000  0.000000  -200.000000  

d2: 
-3.000000  -3.000000  -3.000000  -3.000000  -3.000000  -3.000000  

q2: 
6.000000  3.600000  1.200000  -1.200000  -3.600000  -6.000000  

r2: 
300.000000  0.000000  -300.000000  

d3: 
-4.500000  -4.500000  -4.500000  -4.500000  -4.500000  -4.500000  

q3: 
8.000000  4.800000  1.600000  -1.600000  -4.800000  -8.000000  

r3: 
400.000000  0.000000  -400.000000  

d4: 
-6.000000  -6.000000  -6.000000  -6.000000  -6.000000  -6.000000  

q4: 
10.000000  6.000000  2.000000  -2.000000  -6.000000  -10.000000  

r4: 
500.000000  0.000000  -500.000000  

d5: 
-7.500000  -7.500000  -7.500000  -7.500000  -7.500000  -7.500000  

q5: 
12.000000  7.200000  2.400000  -2.400000  -7.200000  -12.000000  

r5: 
600.000000  0.000000  -600.000000  

d6: 
-9.000000  -9.000000  -9.000000  -9.000000  -9.000000  -9.000000  

q6: 
14.000000  8.400000  2.800000  -2.800000  -8.400000  -14.000000  

r6: 
700.000000  0.000000  -700.000000  

d7: 
-10.500000  -10.500000  -10.500000  -10.500000  -10.500000  -10.500000  

q7: 
16.000000  9.599999  3.200000  -3.200000  -9.599999  -16.000000  
done with cuda!

Solve Time:  212.8 ms 
PASSED!
size 117
118.504715  
172.846069  
273.529419  
29.888535  
30.091047  
16.847630  
1.000000  
-1.000000  
2.000000  
-2.000000  
3.000000  
-3.000000  
-155.132965  
-171.387451  
-142.511566  
119.504715  
175.046066  
271.929413  
19.538063  
8.386442  
-9.345310  
1.524335  
-0.056937  
2.487442  
-16.013302  
-12.638747  
-15.751163  
-86.523453  
-97.500381  
-88.937508  
121.980377  
177.502991  
270.241943  
22.553326  
0.874889  
-24.618347  
2.490380  
1.191676  
3.467624  
-21.665646  
-19.388786  
-21.644911  
-67.444733  
-76.681068  
-76.278442  
125.489998  
179.911316  
267.974335  
30.469975  
-1.327458  
-35.770874  
4.486611  
3.369420  
5.421783  
-23.910122  
-22.556892  
-24.772764  
-63.299225  
-73.623398  
-77.942627  
129.003387  
181.341904  
264.152557  
39.879753  
-1.704755  
-45.413364  
7.779104  
6.745615  
8.554794  
-24.240044  
-23.919233  
-26.567032  
-55.585770  
-71.846634  
-82.737778  
131.224289  
180.596283  
257.597778  
48.997368  
-1.845150  
-54.606110  
12.577181  
11.494475  
12.984426  
-22.298615  
-23.603899  
-27.340820  
-23.636238  
-57.436577  
-83.840408  
130.647110  
176.301819  
247.013336  
55.831268  
-3.071433  
-63.966625  
19.229147  
17.846912  
18.831158  
-15.662235  
-20.347557  
-26.724857  
75.773895  
-5.333771  
-72.091202  
125.417953  
166.854889  
230.982178  
56.151711  
-7.809368  
-74.339981  
28.541796  
26.285488  
26.298218  
2.415171  
-10.380936  
-23.433998  
